           p         rho           h           s         gam           m          cp           t
   1.0000E+01  9.1778E-01 -2.6497E+03  1.1677E+01  1.1161E+00  2.4112E+01  8.0154E+00  3.1598E+03
   5.8203E+00  5.6473E-01 -3.2232E+03  1.1677E+01  1.1130E+00  2.4434E+01  7.9237E+00  3.0288E+03
   1.1000E+01  1.0072E+00 -2.6497E+03  1.1644E+01  1.1165E+00  2.4138E+01  7.9242E+00  3.1707E+03
   6.4014E+00  6.1976E-01 -3.2247E+03  1.1644E+01  1.1134E+00  2.4460E+01  7.8338E+00  3.0385E+03
   1.2000E+01  1.0964E+00 -2.6497E+03  1.1614E+01  1.1169E+00  2.4162E+01  7.8420E+00  3.1806E+03
   6.9825E+00  6.7468E-01 -3.2260E+03  1.1614E+01  1.1138E+00  2.4483E+01  7.7527E+00  3.0474E+03
   1.3000E+01  1.1854E+00 -2.6497E+03  1.1586E+01  1.1172E+00  2.4183E+01  7.7671E+00  3.1898E+03
   7.5635E+00  7.2949E-01 -3.2272E+03  1.1586E+01  1.1141E+00  2.4504E+01  7.6789E+00  3.0557E+03
   1.4000E+01  1.2742E+00 -2.6497E+03  1.1561E+01  1.1175E+00  2.4204E+01  7.6985E+00  3.1983E+03
   8.1444E+00  7.8420E-01 -3.2283E+03  1.1561E+01  1.1144E+00  2.4524E+01  7.6112E+00  3.0633E+03
   1.5000E+01  1.3629E+00 -2.6497E+03  1.1537E+01  1.1178E+00  2.4223E+01  7.6352E+00  3.2063E+03
   8.7253E+00  8.3881E-01 -3.2294E+03  1.1537E+01  1.1147E+00  2.4542E+01  7.5487E+00  3.0704E+03
   1.6000E+01  1.4515E+00 -2.6497E+03  1.1515E+01  1.1181E+00  2.4241E+01  7.5765E+00  3.2137E+03
   9.3061E+00  8.9335E-01 -3.2304E+03  1.1515E+01  1.1149E+00  2.4559E+01  7.4908E+00  3.0770E+03
   1.7000E+01  1.5399E+00 -2.6497E+03  1.1494E+01  1.1183E+00  2.4257E+01  7.5219E+00  3.2207E+03
   9.8869E+00  9.4780E-01 -3.2313E+03  1.1494E+01  1.1152E+00  2.4576E+01  7.4368E+00  3.0832E+03
   1.8000E+01  1.6283E+00 -2.6497E+03  1.1475E+01  1.1186E+00  2.4273E+01  7.4707E+00  3.2273E+03
   1.0468E+01  1.0022E+00 -3.2322E+03  1.1475E+01  1.1154E+00  2.4591E+01  7.3864E+00  3.0891E+03
   1.9000E+01  1.7165E+00 -2.6497E+03  1.1456E+01  1.1188E+00  2.4288E+01  7.4227E+00  3.2335E+03
   1.1048E+01  1.0565E+00 -3.2330E+03  1.1456E+01  1.1156E+00  2.4606E+01  7.3389E+00  3.0947E+03
   2.0000E+01  1.8045E+00 -2.6497E+03  1.1439E+01  1.1190E+00  2.4302E+01  7.3774E+00  3.2395E+03
   1.1629E+01  1.1107E+00 -3.2338E+03  1.1439E+01  1.1159E+00  2.4619E+01  7.2943E+00  3.1000E+03
   2.1000E+01  1.8925E+00 -2.6497E+03  1.1422E+01  1.1192E+00  2.4316E+01  7.3347E+00  3.2451E+03
   1.2209E+01  1.1649E+00 -3.2345E+03  1.1422E+01  1.1161E+00  2.4633E+01  7.2521E+00  3.1050E+03
   2.2000E+01  1.9804E+00 -2.6497E+03  1.1406E+01  1.1194E+00  2.4329E+01  7.2941E+00  3.2505E+03
   1.2790E+01  1.2191E+00 -3.2352E+03  1.1406E+01  1.1162E+00  2.4645E+01  7.2121E+00  3.1098E+03
   2.3000E+01  2.0682E+00 -2.6497E+03  1.1391E+01  1.1196E+00  2.4341E+01  7.2557E+00  3.2557E+03
   1.3370E+01  1.2731E+00 -3.2359E+03  1.1391E+01  1.1164E+00  2.4657E+01  7.1741E+00  3.1144E+03
   2.4000E+01  2.1559E+00 -2.6497E+03  1.1376E+01  1.1198E+00  2.4353E+01  7.2190E+00  3.2606E+03
   1.3951E+01  1.3271E+00 -3.2365E+03  1.1376E+01  1.1166E+00  2.4669E+01  7.1379E+00  3.1188E+03
   2.5000E+01  2.2435E+00 -2.6497E+03  1.1362E+01  1.1199E+00  2.4365E+01  7.1841E+00  3.2653E+03
   1.4531E+01  1.3811E+00 -3.2372E+03  1.1362E+01  1.1168E+00  2.4680E+01  7.1034E+00  3.1230E+03