           p         rho           h         isp         gam        mach          cp           t
   1.0000E+01  8.7913E-01 -2.9087E+03  0.0000E+00  1.1964E+00  0.0000E+00  2.2059E+00  3.1417E+03
   5.6453E+00  5.4545E-01 -3.5294E+03  1.0953E+03  1.1994E+00  1.0000E+00  2.1782E+00  2.8586E+03
   1.1000E+01  9.6484E-01 -2.9087E+03  0.0000E+00  1.1960E+00  0.0000E+00  2.2069E+00  3.1521E+03
   6.2107E+00  5.9860E-01 -3.5307E+03  1.0967E+03  1.1990E+00  1.0000E+00  2.1794E+00  2.8685E+03
   1.2000E+01  1.0504E+00 -2.9087E+03  0.0000E+00  1.1957E+00  0.0000E+00  2.2078E+00  3.1616E+03
   6.7761E+00  6.5164E-01 -3.5319E+03  1.0979E+03  1.1987E+00  1.0000E+00  2.1804E+00  2.8776E+03
   1.3000E+01  1.1357E+00 -2.9087E+03  0.0000E+00  1.1954E+00  0.0000E+00  2.2086E+00  3.1703E+03
   7.3415E+00  7.0458E-01 -3.5330E+03  1.0991E+03  1.1983E+00  1.0000E+00  2.1814E+00  2.8859E+03
   1.4000E+01  1.2209E+00 -2.9087E+03  0.0000E+00  1.1952E+00  0.0000E+00  2.2094E+00  3.1784E+03
   7.9070E+00  7.5743E-01 -3.5341E+03  1.1001E+03  1.1981E+00  1.0000E+00  2.1822E+00  2.8937E+03
   1.5000E+01  1.3060E+00 -2.9087E+03  0.0000E+00  1.1949E+00  0.0000E+00  2.2101E+00  3.1859E+03
   8.4726E+00  8.1019E-01 -3.5350E+03  1.1011E+03  1.1978E+00  1.0000E+00  2.1830E+00  2.9009E+03
   1.6000E+01  1.3910E+00 -2.9087E+03  0.0000E+00  1.1947E+00  0.0000E+00  2.2108E+00  3.1930E+03
   9.0382E+00  8.6287E-01 -3.5359E+03  1.1020E+03  1.1976E+00  1.0000E+00  2.1838E+00  2.9076E+03
   1.7000E+01  1.4758E+00 -2.9087E+03  0.0000E+00  1.1945E+00  0.0000E+00  2.2114E+00  3.1996E+03
   9.6039E+00  9.1547E-01 -3.5367E+03  1.1029E+03  1.1973E+00  1.0000E+00  2.1845E+00  2.9139E+03
   1.8000E+01  1.5605E+00 -2.9087E+03  0.0000E+00  1.1942E+00  0.0000E+00  2.2120E+00  3.2059E+03
   1.0170E+01  9.6801E-01 -3.5375E+03  1.1037E+03  1.1971E+00  1.0000E+00  2.1852E+00  2.9199E+03
   1.9000E+01  1.6452E+00 -2.9087E+03  0.0000E+00  1.1941E+00  0.0000E+00  2.2126E+00  3.2118E+03
   1.0735E+01  1.0205E+00 -3.5383E+03  1.1045E+03  1.1969E+00  1.0000E+00  2.1858E+00  2.9256E+03
   2.0000E+01  1.7297E+00 -2.9087E+03  0.0000E+00  1.1939E+00  0.0000E+00  2.2131E+00  3.2174E+03
   1.1301E+01  1.0729E+00 -3.5390E+03  1.1052E+03  1.1967E+00  1.0000E+00  2.1864E+00  2.9309E+03
   2.1000E+01  1.8141E+00 -2.9087E+03  0.0000E+00  1.1937E+00  0.0000E+00  2.2136E+00  3.2227E+03
   1.1867E+01  1.1252E+00 -3.5396E+03  1.1059E+03  1.1965E+00  1.0000E+00  2.1870E+00  2.9360E+03
   2.2000E+01  1.8985E+00 -2.9087E+03  0.0000E+00  1.1935E+00  0.0000E+00  2.2141E+00  3.2278E+03
   1.2433E+01  1.1775E+00 -3.5403E+03  1.1065E+03  1.1963E+00  1.0000E+00  2.1875E+00  2.9409E+03
   2.3000E+01  1.9827E+00 -2.9087E+03  0.0000E+00  1.1934E+00  0.0000E+00  2.2145E+00  3.2326E+03
   1.2999E+01  1.2298E+00 -3.5409E+03  1.1071E+03  1.1962E+00  1.0000E+00  2.1880E+00  2.9455E+03
   2.4000E+01  2.0669E+00 -2.9087E+03  0.0000E+00  1.1932E+00  0.0000E+00  2.2150E+00  3.2373E+03
   1.3565E+01  1.2820E+00 -3.5415E+03  1.1077E+03  1.1960E+00  1.0000E+00  2.1885E+00  2.9500E+03
   2.5000E+01  2.1510E+00 -2.9087E+03  0.0000E+00  1.1931E+00  0.0000E+00  2.2154E+00  3.2417E+03
   1.4130E+01  1.3341E+00 -3.5420E+03  1.1083E+03  1.1959E+00  1.0000E+00  2.1890E+00  2.9542E+03
   2.6000E+01  2.2350E+00 -2.9087E+03  0.0000E+00  1.1929E+00  0.0000E+00  2.2158E+00  3.2460E+03
   1.4696E+01  1.3862E+00 -3.5425E+03  1.1089E+03  1.1957E+00  1.0000E+00  2.1894E+00  2.9583E+03
   2.7000E+01  2.3190E+00 -2.9087E+03  0.0000E+00  1.1928E+00  0.0000E+00  2.2162E+00  3.2501E+03
   1.5262E+01  1.4383E+00 -3.5431E+03  1.1094E+03  1.1956E+00  1.0000E+00  2.1899E+00  2.9622E+03
   2.8000E+01  2.4029E+00 -2.9087E+03  0.0000E+00  1.1927E+00  0.0000E+00  2.2166E+00  3.2541E+03
   1.5828E+01  1.4903E+00 -3.5436E+03  1.1099E+03  1.1954E+00  1.0000E+00  2.1903E+00  2.9660E+03
   2.9000E+01  2.4867E+00 -2.9087E+03  0.0000E+00  1.1926E+00  0.0000E+00  2.2169E+00  3.2579E+03
   1.6394E+01  1.5423E+00 -3.5440E+03  1.1104E+03  1.1953E+00  1.0000E+00  2.1907E+00  2.9697E+03
   3.0000E+01  2.5705E+00 -2.9087E+03  0.0000E+00  1.1924E+00  0.0000E+00  2.2173E+00  3.2616E+03
   1.6961E+01  1.5942E+00 -3.5445E+03  1.1108E+03  1.1952E+00  1.0000E+00  2.1911E+00  2.9732E+03
   1.0000E+01  8.8540E-01 -2.8596E+03  0.0000E+00  1.1959E+00  0.0000E+00  2.1891E+00  3.1499E+03
   5.6464E+00  5.4931E-01 -3.4758E+03  1.0911E+03  1.1988E+00  1.0000E+00  2.1619E+00  2.8667E+03
   1.1000E+01  9.7168E-01 -2.8596E+03  0.0000E+00  1.1955E+00  0.0000E+00  2.1902E+00  3.1605E+03
   6.2118E+00  6.0282E-01 -3.4771E+03  1.0924E+03  1.1985E+00  1.0000E+00  2.1631E+00  2.8768E+03
   1.2000E+01  1.0578E+00 -2.8596E+03  0.0000E+00  1.1952E+00  0.0000E+00  2.1911E+00  3.1702E+03
   6.7773E+00  6.5621E-01 -3.4783E+03  1.0937E+03  1.1981E+00  1.0000E+00  2.1641E+00  2.8861E+03
   1.3000E+01  1.1437E+00 -2.8596E+03  0.0000E+00  1.1949E+00  0.0000E+00  2.1919E+00  3.1791E+03
   7.3429E+00  7.0950E-01 -3.4795E+03  1.0948E+03  1.1978E+00  1.0000E+00  2.1651E+00  2.8946E+03
   1.4000E+01  1.2295E+00 -2.8596E+03  0.0000E+00  1.1946E+00  0.0000E+00  2.1927E+00  3.1874E+03
   7.9085E+00  7.6269E-01 -3.4805E+03  1.0959E+03  1.1975E+00  1.0000E+00  2.1660E+00  2.9025E+03
   1.5000E+01  1.3151E+00 -2.8596E+03  0.0000E+00  1.1944E+00  0.0000E+00  2.1935E+00  3.1951E+03
   8.4742E+00  8.1580E-01 -3.4815E+03  1.0969E+03  1.1972E+00  1.0000E+00  2.1668E+00  2.9099E+03
   1.6000E+01  1.4006E+00 -2.8596E+03  0.0000E+00  1.1941E+00  0.0000E+00  2.1941E+00  3.2023E+03
   9.0400E+00  8.6882E-01 -3.4824E+03  1.0978E+03  1.1970E+00  1.0000E+00  2.1676E+00  2.9168E+03
   1.7000E+01  1.4860E+00 -2.8596E+03  0.0000E+00  1.1939E+00  0.0000E+00  2.1948E+00  3.2091E+03
   9.6057E+00  9.2177E-01 -3.4832E+03  1.0987E+03  1.1968E+00  1.0000E+00  2.1683E+00  2.9233E+03
   1.8000E+01  1.5713E+00 -2.8596E+03  0.0000E+00  1.1937E+00  0.0000E+00  2.1954E+00  3.2154E+03
   1.0172E+01  9.7464E-01 -3.4840E+03  1.0995E+03  1.1965E+00  1.0000E+00  2.1689E+00  2.9294E+03
   1.9000E+01  1.6565E+00 -2.8596E+03  0.0000E+00  1.1935E+00  0.0000E+00  2.1960E+00  3.2215E+03
   1.0737E+01  1.0274E+00 -3.4847E+03  1.1002E+03  1.1963E+00  1.0000E+00  2.1696E+00  2.9352E+03
   2.0000E+01  1.7415E+00 -2.8596E+03  0.0000E+00  1.1933E+00  0.0000E+00  2.1965E+00  3.2272E+03
   1.1303E+01  1.0802E+00 -3.4855E+03  1.1010E+03  1.1961E+00  1.0000E+00  2.1702E+00  2.9406E+03
   2.1000E+01  1.8265E+00 -2.8596E+03  0.0000E+00  1.1931E+00  0.0000E+00  2.1970E+00  3.2327E+03
   1.1869E+01  1.1329E+00 -3.4861E+03  1.1017E+03  1.1959E+00  1.0000E+00  2.1708E+00  2.9459E+03
   2.2000E+01  1.9114E+00 -2.8596E+03  0.0000E+00  1.1930E+00  0.0000E+00  2.1975E+00  3.2379E+03
   1.2435E+01  1.1855E+00 -3.4868E+03  1.1023E+03  1.1958E+00  1.0000E+00  2.1713E+00  2.9508E+03
   2.3000E+01  1.9962E+00 -2.8596E+03  0.0000E+00  1.1928E+00  0.0000E+00  2.1980E+00  3.2429E+03
   1.3001E+01  1.2381E+00 -3.4874E+03  1.1029E+03  1.1956E+00  1.0000E+00  2.1718E+00  2.9556E+03
   2.4000E+01  2.0809E+00 -2.8596E+03  0.0000E+00  1.1927E+00  0.0000E+00  2.1984E+00  3.2476E+03
   1.3567E+01  1.2906E+00 -3.4880E+03  1.1035E+03  1.1954E+00  1.0000E+00  2.1723E+00  2.9602E+03
   2.5000E+01  2.1655E+00 -2.8596E+03  0.0000E+00  1.1925E+00  0.0000E+00  2.1988E+00  3.2522E+03
   1.4133E+01  1.3431E+00 -3.4885E+03  1.1041E+03  1.1953E+00  1.0000E+00  2.1728E+00  2.9645E+03
   2.6000E+01  2.2501E+00 -2.8596E+03  0.0000E+00  1.1924E+00  0.0000E+00  2.1993E+00  3.2566E+03
   1.4699E+01  1.3955E+00 -3.4891E+03  1.1047E+03  1.1951E+00  1.0000E+00  2.1733E+00  2.9687E+03
   2.7000E+01  2.3346E+00 -2.8596E+03  0.0000E+00  1.1922E+00  0.0000E+00  2.1996E+00  3.2608E+03
   1.5266E+01  1.4479E+00 -3.4896E+03  1.1052E+03  1.1950E+00  1.0000E+00  2.1737E+00  2.9728E+03
   2.8000E+01  2.4190E+00 -2.8596E+03  0.0000E+00  1.1921E+00  0.0000E+00  2.2000E+00  3.2649E+03
   1.5832E+01  1.5002E+00 -3.4901E+03  1.1057E+03  1.1948E+00  1.0000E+00  2.1742E+00  2.9767E+03
   2.9000E+01  2.5034E+00 -2.8596E+03  0.0000E+00  1.1920E+00  0.0000E+00  2.2004E+00  3.2688E+03
   1.6398E+01  1.5525E+00 -3.4906E+03  1.1062E+03  1.1947E+00  1.0000E+00  2.1746E+00  2.9804E+03
   3.0000E+01  2.5877E+00 -2.8596E+03  0.0000E+00  1.1919E+00  0.0000E+00  2.2007E+00  3.2726E+03
   1.6964E+01  1.6047E+00 -3.4910E+03  1.1067E+03  1.1946E+00  1.0000E+00  2.1750E+00  2.9841E+03
   1.0000E+01  8.9200E-01 -2.8124E+03  0.0000E+00  1.1955E+00  0.0000E+00  2.1728E+00  3.1553E+03
   5.6472E+00  5.5339E-01 -3.4239E+03  1.0868E+03  1.1984E+00  1.0000E+00  2.1459E+00  2.8722E+03
   1.1000E+01  9.7891E-01 -2.8124E+03  0.0000E+00  1.1951E+00  0.0000E+00  2.1738E+00  3.1661E+03
   6.2127E+00  6.0728E-01 -3.4253E+03  1.0881E+03  1.1980E+00  1.0000E+00  2.1471E+00  2.8825E+03
   1.2000E+01  1.0656E+00 -2.8124E+03  0.0000E+00  1.1948E+00  0.0000E+00  2.1747E+00  3.1759E+03
   6.7783E+00  6.6105E-01 -3.4265E+03  1.0894E+03  1.1977E+00  1.0000E+00  2.1481E+00  2.8919E+03
   1.3000E+01  1.1522E+00 -2.8124E+03  0.0000E+00  1.1945E+00  0.0000E+00  2.1756E+00  3.1850E+03
   7.3440E+00  7.1472E-01 -3.4276E+03  1.0905E+03  1.1974E+00  1.0000E+00  2.1491E+00  2.9005E+03
   1.4000E+01  1.2386E+00 -2.8124E+03  0.0000E+00  1.1942E+00  0.0000E+00  2.1764E+00  3.1933E+03
   7.9097E+00  7.6829E-01 -3.4286E+03  1.0916E+03  1.1971E+00  1.0000E+00  2.1500E+00  2.9085E+03
   1.5000E+01  1.3248E+00 -2.8124E+03  0.0000E+00  1.1940E+00  0.0000E+00  2.1771E+00  3.2012E+03
   8.4755E+00  8.2177E-01 -3.4296E+03  1.0926E+03  1.1968E+00  1.0000E+00  2.1508E+00  2.9160E+03
   1.6000E+01  1.4109E+00 -2.8124E+03  0.0000E+00  1.1937E+00  0.0000E+00  2.1778E+00  3.2085E+03
   9.0413E+00  8.7516E-01 -3.4305E+03  1.0935E+03  1.1966E+00  1.0000E+00  2.1516E+00  2.9230E+03
   1.7000E+01  1.4969E+00 -2.8124E+03  0.0000E+00  1.1935E+00  0.0000E+00  2.1785E+00  3.2153E+03
   9.6072E+00  9.2848E-01 -3.4314E+03  1.0944E+03  1.1963E+00  1.0000E+00  2.1523E+00  2.9296E+03
   1.8000E+01  1.5828E+00 -2.8124E+03  0.0000E+00  1.1933E+00  0.0000E+00  2.1791E+00  3.2218E+03
   1.0173E+01  9.8172E-01 -3.4322E+03  1.0952E+03  1.1961E+00  1.0000E+00  2.1530E+00  2.9358E+03
   1.9000E+01  1.6686E+00 -2.8124E+03  0.0000E+00  1.1931E+00  0.0000E+00  2.1797E+00  3.2280E+03
   1.0739E+01  1.0349E+00 -3.4329E+03  1.0960E+03  1.1959E+00  1.0000E+00  2.1536E+00  2.9416E+03
   2.0000E+01  1.7542E+00 -2.8124E+03  0.0000E+00  1.1929E+00  0.0000E+00  2.1802E+00  3.2338E+03
   1.1305E+01  1.0880E+00 -3.4336E+03  1.0967E+03  1.1957E+00  1.0000E+00  2.1543E+00  2.9472E+03
   2.1000E+01  1.8398E+00 -2.8124E+03  0.0000E+00  1.1927E+00  0.0000E+00  2.1807E+00  3.2393E+03
   1.1871E+01  1.1410E+00 -3.4343E+03  1.0974E+03  1.1955E+00  1.0000E+00  2.1548E+00  2.9525E+03
   2.2000E+01  1.9253E+00 -2.8124E+03  0.0000E+00  1.1925E+00  0.0000E+00  2.1812E+00  3.2446E+03
   1.2437E+01  1.1940E+00 -3.4350E+03  1.0980E+03  1.1953E+00  1.0000E+00  2.1554E+00  2.9576E+03
   2.3000E+01  2.0106E+00 -2.8124E+03  0.0000E+00  1.1924E+00  0.0000E+00  2.1817E+00  3.2497E+03
   1.3003E+01  1.2470E+00 -3.4356E+03  1.0987E+03  1.1951E+00  1.0000E+00  2.1559E+00  2.9624E+03
   2.4000E+01  2.0959E+00 -2.8124E+03  0.0000E+00  1.1922E+00  0.0000E+00  2.1822E+00  3.2545E+03
   1.3569E+01  1.2999E+00 -3.4362E+03  1.0993E+03  1.1950E+00  1.0000E+00  2.1564E+00  2.9671E+03
   2.5000E+01  2.1812E+00 -2.8124E+03  0.0000E+00  1.1921E+00  0.0000E+00  2.1826E+00  3.2592E+03
   1.4136E+01  1.3527E+00 -3.4367E+03  1.0998E+03  1.1948E+00  1.0000E+00  2.1569E+00  2.9715E+03
   2.6000E+01  2.2663E+00 -2.8124E+03  0.0000E+00  1.1919E+00  0.0000E+00  2.1830E+00  3.2637E+03
   1.4702E+01  1.4055E+00 -3.4373E+03  1.1004E+03  1.1947E+00  1.0000E+00  2.1574E+00  2.9758E+03
   2.7000E+01  2.3514E+00 -2.8124E+03  0.0000E+00  1.1918E+00  0.0000E+00  2.1834E+00  3.2679E+03
   1.5268E+01  1.4582E+00 -3.4378E+03  1.1009E+03  1.1945E+00  1.0000E+00  2.1578E+00  2.9799E+03
   2.8000E+01  2.4364E+00 -2.8124E+03  0.0000E+00  1.1917E+00  0.0000E+00  2.1838E+00  3.2721E+03
   1.5834E+01  1.5109E+00 -3.4383E+03  1.1014E+03  1.1944E+00  1.0000E+00  2.1583E+00  2.9839E+03
   2.9000E+01  2.5213E+00 -2.8124E+03  0.0000E+00  1.1915E+00  0.0000E+00  2.1842E+00  3.2761E+03
   1.6401E+01  1.5635E+00 -3.4388E+03  1.1019E+03  1.1942E+00  1.0000E+00  2.1587E+00  2.9877E+03
   3.0000E+01  2.6062E+00 -2.8124E+03  0.0000E+00  1.1914E+00  0.0000E+00  2.1845E+00  3.2800E+03
   1.6967E+01  1.6161E+00 -3.4392E+03  1.1024E+03  1.1941E+00  1.0000E+00  2.1591E+00  2.9914E+03
   1.0000E+01  8.9885E-01 -2.7670E+03  0.0000E+00  1.1952E+00  0.0000E+00  2.1568E+00  3.1586E+03
   5.6478E+00  5.5761E-01 -3.3738E+03  1.0825E+03  1.1981E+00  1.0000E+00  2.1302E+00  2.8756E+03
   1.1000E+01  9.8641E-01 -2.7670E+03  0.0000E+00  1.1948E+00  0.0000E+00  2.1579E+00  3.1694E+03
   6.2134E+00  6.1191E-01 -3.3751E+03  1.0838E+03  1.1977E+00  1.0000E+00  2.1314E+00  2.8860E+03
   1.2000E+01  1.0738E+00 -2.7670E+03  0.0000E+00  1.1945E+00  0.0000E+00  2.1588E+00  3.1793E+03
   6.7791E+00  6.6608E-01 -3.3763E+03  1.0851E+03  1.1974E+00  1.0000E+00  2.1325E+00  2.8954E+03
   1.3000E+01  1.1610E+00 -2.7670E+03  0.0000E+00  1.1942E+00  0.0000E+00  2.1597E+00  3.1885E+03
   7.3448E+00  7.2015E-01 -3.3775E+03  1.0862E+03  1.1970E+00  1.0000E+00  2.1334E+00  2.9041E+03
   1.4000E+01  1.2480E+00 -2.7670E+03  0.0000E+00  1.1939E+00  0.0000E+00  2.1605E+00  3.1969E+03
   7.9106E+00  7.7412E-01 -3.3785E+03  1.0873E+03  1.1968E+00  1.0000E+00  2.1343E+00  2.9122E+03
   1.5000E+01  1.3349E+00 -2.7670E+03  0.0000E+00  1.1937E+00  0.0000E+00  2.1612E+00  3.2048E+03
   8.4765E+00  8.2799E-01 -3.3795E+03  1.0883E+03  1.1965E+00  1.0000E+00  2.1352E+00  2.9198E+03
   1.6000E+01  1.4217E+00 -2.7670E+03  0.0000E+00  1.1934E+00  0.0000E+00  2.1619E+00  3.2122E+03
   9.0424E+00  8.8178E-01 -3.3804E+03  1.0892E+03  1.1962E+00  1.0000E+00  2.1359E+00  2.9268E+03
   1.7000E+01  1.5083E+00 -2.7670E+03  0.0000E+00  1.1932E+00  0.0000E+00  2.1625E+00  3.2191E+03
   9.6083E+00  9.3549E-01 -3.3812E+03  1.0901E+03  1.1960E+00  1.0000E+00  2.1367E+00  2.9335E+03
   1.8000E+01  1.5948E+00 -2.7670E+03  0.0000E+00  1.1930E+00  0.0000E+00  2.1632E+00  3.2257E+03
   1.0174E+01  9.8912E-01 -3.3820E+03  1.0909E+03  1.1958E+00  1.0000E+00  2.1374E+00  2.9397E+03
   1.9000E+01  1.6812E+00 -2.7670E+03  0.0000E+00  1.1928E+00  0.0000E+00  2.1637E+00  3.2319E+03
   1.0740E+01  1.0427E+00 -3.3828E+03  1.0916E+03  1.1955E+00  1.0000E+00  2.1380E+00  2.9457E+03
   2.0000E+01  1.7675E+00 -2.7670E+03  0.0000E+00  1.1926E+00  0.0000E+00  2.1643E+00  3.2378E+03
   1.1306E+01  1.0962E+00 -3.3835E+03  1.0924E+03  1.1953E+00  1.0000E+00  2.1386E+00  2.9513E+03
   2.1000E+01  1.8537E+00 -2.7670E+03  0.0000E+00  1.1924E+00  0.0000E+00  2.1648E+00  3.2434E+03
   1.1873E+01  1.1496E+00 -3.3842E+03  1.0930E+03  1.1951E+00  1.0000E+00  2.1392E+00  2.9566E+03
   2.2000E+01  1.9398E+00 -2.7670E+03  0.0000E+00  1.1922E+00  0.0000E+00  2.1653E+00  3.2487E+03
   1.2439E+01  1.2030E+00 -3.3848E+03  1.0937E+03  1.1950E+00  1.0000E+00  2.1398E+00  2.9618E+03
   2.3000E+01  2.0258E+00 -2.7670E+03  0.0000E+00  1.1921E+00  0.0000E+00  2.1658E+00  3.2538E+03
   1.3005E+01  1.2563E+00 -3.3854E+03  1.0943E+03  1.1948E+00  1.0000E+00  2.1403E+00  2.9667E+03
   2.4000E+01  2.1117E+00 -2.7670E+03  0.0000E+00  1.1919E+00  0.0000E+00  2.1662E+00  3.2587E+03
   1.3571E+01  1.3096E+00 -3.3860E+03  1.0949E+03  1.1946E+00  1.0000E+00  2.1408E+00  2.9713E+03
   2.5000E+01  2.1976E+00 -2.7670E+03  0.0000E+00  1.1917E+00  0.0000E+00  2.1667E+00  3.2634E+03
   1.4137E+01  1.3628E+00 -3.3866E+03  1.0955E+03  1.1945E+00  1.0000E+00  2.1413E+00  2.9758E+03
   2.6000E+01  2.2833E+00 -2.7670E+03  0.0000E+00  1.1916E+00  0.0000E+00  2.1671E+00  3.2679E+03
   1.4704E+01  1.4160E+00 -3.3871E+03  1.0961E+03  1.1943E+00  1.0000E+00  2.1418E+00  2.9802E+03
   2.7000E+01  2.3690E+00 -2.7670E+03  0.0000E+00  1.1915E+00  0.0000E+00  2.1675E+00  3.2723E+03
   1.5270E+01  1.4691E+00 -3.3876E+03  1.0966E+03  1.1942E+00  1.0000E+00  2.1422E+00  2.9843E+03
   2.8000E+01  2.4546E+00 -2.7670E+03  0.0000E+00  1.1913E+00  0.0000E+00  2.1679E+00  3.2765E+03
   1.5836E+01  1.5222E+00 -3.3881E+03  1.0971E+03  1.1940E+00  1.0000E+00  2.1426E+00  2.9883E+03
   2.9000E+01  2.5402E+00 -2.7670E+03  0.0000E+00  1.1912E+00  0.0000E+00  2.1683E+00  3.2805E+03
   1.6403E+01  1.5752E+00 -3.3886E+03  1.0976E+03  1.1939E+00  1.0000E+00  2.1431E+00  2.9922E+03
   3.0000E+01  2.6257E+00 -2.7670E+03  0.0000E+00  1.1911E+00  0.0000E+00  2.1686E+00  3.2844E+03
   1.6969E+01  1.6282E+00 -3.3891E+03  1.0981E+03  1.1937E+00  1.0000E+00  2.1435E+00  2.9959E+03
   1.0000E+01  9.0587E-01 -2.7233E+03  0.0000E+00  1.1949E+00  0.0000E+00  2.1413E+00  3.1601E+03
   5.6483E+00  5.6195E-01 -3.3253E+03  1.0781E+03  1.1979E+00  1.0000E+00  2.1149E+00  2.8773E+03
   1.1000E+01  9.9410E-01 -2.7233E+03  0.0000E+00  1.1946E+00  0.0000E+00  2.1423E+00  3.1710E+03
   6.2139E+00  6.1667E-01 -3.3266E+03  1.0795E+03  1.1975E+00  1.0000E+00  2.1161E+00  2.8877E+03
   1.2000E+01  1.0821E+00 -2.7233E+03  0.0000E+00  1.1943E+00  0.0000E+00  2.1432E+00  3.1809E+03
   6.7797E+00  6.7126E-01 -3.3278E+03  1.0808E+03  1.1971E+00  1.0000E+00  2.1172E+00  2.8972E+03
   1.3000E+01  1.1700E+00 -2.7233E+03  0.0000E+00  1.1940E+00  0.0000E+00  2.1441E+00  3.1901E+03
   7.3455E+00  7.2574E-01 -3.3290E+03  1.0819E+03  1.1968E+00  1.0000E+00  2.1181E+00  2.9059E+03
   1.4000E+01  1.2577E+00 -2.7233E+03  0.0000E+00  1.1937E+00  0.0000E+00  2.1449E+00  3.1986E+03
   7.9113E+00  7.8012E-01 -3.3300E+03  1.0830E+03  1.1965E+00  1.0000E+00  2.1190E+00  2.9141E+03
   1.5000E+01  1.3453E+00 -2.7233E+03  0.0000E+00  1.1934E+00  0.0000E+00  2.1456E+00  3.2065E+03
   8.4772E+00  8.3441E-01 -3.3310E+03  1.0839E+03  1.1962E+00  1.0000E+00  2.1199E+00  2.9216E+03
   1.6000E+01  1.4327E+00 -2.7233E+03  0.0000E+00  1.1932E+00  0.0000E+00  2.1463E+00  3.2139E+03
   9.0432E+00  8.8861E-01 -3.3319E+03  1.0849E+03  1.1960E+00  1.0000E+00  2.1206E+00  2.9287E+03
   1.7000E+01  1.5200E+00 -2.7233E+03  0.0000E+00  1.1929E+00  0.0000E+00  2.1470E+00  3.2209E+03
   9.6092E+00  9.4272E-01 -3.3327E+03  1.0857E+03  1.1957E+00  1.0000E+00  2.1214E+00  2.9354E+03
   1.8000E+01  1.6072E+00 -2.7233E+03  0.0000E+00  1.1927E+00  0.0000E+00  2.1476E+00  3.2275E+03
   1.0175E+01  9.9677E-01 -3.3335E+03  1.0865E+03  1.1955E+00  1.0000E+00  2.1221E+00  2.9417E+03
   1.9000E+01  1.6942E+00 -2.7233E+03  0.0000E+00  1.1925E+00  0.0000E+00  2.1482E+00  3.2337E+03
   1.0741E+01  1.0507E+00 -3.3342E+03  1.0873E+03  1.1953E+00  1.0000E+00  2.1227E+00  2.9477E+03
   2.0000E+01  1.7812E+00 -2.7233E+03  0.0000E+00  1.1923E+00  0.0000E+00  2.1487E+00  3.2396E+03
   1.1307E+01  1.1046E+00 -3.3350E+03  1.0880E+03  1.1951E+00  1.0000E+00  2.1233E+00  2.9533E+03
   2.1000E+01  1.8680E+00 -2.7233E+03  0.0000E+00  1.1921E+00  0.0000E+00  2.1493E+00  3.2453E+03
   1.1874E+01  1.1585E+00 -3.3356E+03  1.0887E+03  1.1949E+00  1.0000E+00  2.1239E+00  2.9587E+03
   2.2000E+01  1.9548E+00 -2.7233E+03  0.0000E+00  1.1920E+00  0.0000E+00  2.1498E+00  3.2506E+03
   1.2440E+01  1.2123E+00 -3.3363E+03  1.0894E+03  1.1947E+00  1.0000E+00  2.1245E+00  2.9639E+03
   2.3000E+01  2.0414E+00 -2.7233E+03  0.0000E+00  1.1918E+00  0.0000E+00  2.1502E+00  3.2558E+03
   1.3006E+01  1.2660E+00 -3.3369E+03  1.0900E+03  1.1945E+00  1.0000E+00  2.1250E+00  2.9688E+03
   2.4000E+01  2.1280E+00 -2.7233E+03  0.0000E+00  1.1916E+00  0.0000E+00  2.1507E+00  3.2607E+03
   1.3572E+01  1.3197E+00 -3.3375E+03  1.0906E+03  1.1944E+00  1.0000E+00  2.1255E+00  2.9735E+03
   2.5000E+01  2.2145E+00 -2.7233E+03  0.0000E+00  1.1915E+00  0.0000E+00  2.1511E+00  3.2654E+03
   1.4139E+01  1.3733E+00 -3.3380E+03  1.0912E+03  1.1942E+00  1.0000E+00  2.1260E+00  2.9780E+03
   2.6000E+01  2.3009E+00 -2.7233E+03  0.0000E+00  1.1913E+00  0.0000E+00  2.1516E+00  3.2700E+03
   1.4705E+01  1.4268E+00 -3.3386E+03  1.0917E+03  1.1940E+00  1.0000E+00  2.1265E+00  2.9824E+03
   2.7000E+01  2.3873E+00 -2.7233E+03  0.0000E+00  1.1912E+00  0.0000E+00  2.1520E+00  3.2743E+03
   1.5271E+01  1.4804E+00 -3.3391E+03  1.0922E+03  1.1939E+00  1.0000E+00  2.1269E+00  2.9866E+03
   2.8000E+01  2.4735E+00 -2.7233E+03  0.0000E+00  1.1911E+00  0.0000E+00  2.1523E+00  3.2786E+03
   1.5838E+01  1.5338E+00 -3.3396E+03  1.0928E+03  1.1937E+00  1.0000E+00  2.1274E+00  2.9906E+03
   2.9000E+01  2.5597E+00 -2.7233E+03  0.0000E+00  1.1909E+00  0.0000E+00  2.1527E+00  3.2826E+03
   1.6404E+01  1.5873E+00 -3.3401E+03  1.0932E+03  1.1936E+00  1.0000E+00  2.1278E+00  2.9945E+03
   3.0000E+01  2.6459E+00 -2.7233E+03  0.0000E+00  1.1908E+00  0.0000E+00  2.1531E+00  3.2866E+03
   1.6971E+01  1.6407E+00 -3.3405E+03  1.0937E+03  1.1935E+00  1.0000E+00  2.1282E+00  2.9983E+03
   1.0000E+01  9.1301E-01 -2.6812E+03  0.0000E+00  1.1948E+00  0.0000E+00  2.1261E+00  3.1601E+03
   5.6486E+00  5.6637E-01 -3.2784E+03  1.0739E+03  1.1977E+00  1.0000E+00  2.1000E+00  2.8775E+03
   1.1000E+01  1.0019E+00 -2.6812E+03  0.0000E+00  1.1944E+00  0.0000E+00  2.1271E+00  3.1710E+03
   6.2143E+00  6.2151E-01 -3.2797E+03  1.0752E+03  1.1973E+00  1.0000E+00  2.1012E+00  2.8879E+03
   1.2000E+01  1.0907E+00 -2.6812E+03  0.0000E+00  1.1941E+00  0.0000E+00  2.1281E+00  3.1810E+03
   6.7801E+00  6.7653E-01 -3.2809E+03  1.0765E+03  1.1969E+00  1.0000E+00  2.1022E+00  2.8974E+03
   1.3000E+01  1.1792E+00 -2.6812E+03  0.0000E+00  1.1938E+00  0.0000E+00  2.1289E+00  3.1901E+03
   7.3459E+00  7.3144E-01 -3.2820E+03  1.0776E+03  1.1966E+00  1.0000E+00  2.1032E+00  2.9062E+03
   1.4000E+01  1.2676E+00 -2.6812E+03  0.0000E+00  1.1935E+00  0.0000E+00  2.1297E+00  3.1986E+03
   7.9118E+00  7.8624E-01 -3.2831E+03  1.0787E+03  1.1963E+00  1.0000E+00  2.1041E+00  2.9144E+03
   1.5000E+01  1.3559E+00 -2.6812E+03  0.0000E+00  1.1932E+00  0.0000E+00  2.1305E+00  3.2066E+03
   8.4778E+00  8.4095E-01 -3.2840E+03  1.0796E+03  1.1960E+00  1.0000E+00  2.1049E+00  2.9219E+03
   1.6000E+01  1.4440E+00 -2.6812E+03  0.0000E+00  1.1930E+00  0.0000E+00  2.1312E+00  3.2140E+03
   9.0438E+00  8.9558E-01 -3.2849E+03  1.0805E+03  1.1958E+00  1.0000E+00  2.1057E+00  2.9291E+03
   1.7000E+01  1.5319E+00 -2.6812E+03  0.0000E+00  1.1928E+00  0.0000E+00  2.1318E+00  3.2210E+03
   9.6098E+00  9.5012E-01 -3.2858E+03  1.0814E+03  1.1955E+00  1.0000E+00  2.1064E+00  2.9357E+03
   1.8000E+01  1.6198E+00 -2.6812E+03  0.0000E+00  1.1925E+00  0.0000E+00  2.1324E+00  3.2276E+03
   1.0176E+01  1.0046E+00 -3.2865E+03  1.0822E+03  1.1953E+00  1.0000E+00  2.1071E+00  2.9421E+03
   1.9000E+01  1.7075E+00 -2.6812E+03  0.0000E+00  1.1923E+00  0.0000E+00  2.1330E+00  3.2338E+03
   1.0742E+01  1.0590E+00 -3.2873E+03  1.0830E+03  1.1951E+00  1.0000E+00  2.1078E+00  2.9480E+03
   2.0000E+01  1.7952E+00 -2.6812E+03  0.0000E+00  1.1921E+00  0.0000E+00  2.1336E+00  3.2398E+03
   1.1308E+01  1.1133E+00 -3.2880E+03  1.0837E+03  1.1949E+00  1.0000E+00  2.1084E+00  2.9537E+03
   2.1000E+01  1.8827E+00 -2.6812E+03  0.0000E+00  1.1920E+00  0.0000E+00  2.1341E+00  3.2454E+03
   1.1874E+01  1.1676E+00 -3.2887E+03  1.0844E+03  1.1947E+00  1.0000E+00  2.1090E+00  2.9591E+03
   2.2000E+01  1.9701E+00 -2.6812E+03  0.0000E+00  1.1918E+00  0.0000E+00  2.1346E+00  3.2508E+03
   1.2441E+01  1.2218E+00 -3.2893E+03  1.0850E+03  1.1945E+00  1.0000E+00  2.1095E+00  2.9643E+03
   2.3000E+01  2.0575E+00 -2.6812E+03  0.0000E+00  1.1916E+00  0.0000E+00  2.1351E+00  3.2560E+03
   1.3007E+01  1.2759E+00 -3.2899E+03  1.0857E+03  1.1943E+00  1.0000E+00  2.1101E+00  2.9692E+03
   2.4000E+01  2.1447E+00 -2.6812E+03  0.0000E+00  1.1915E+00  0.0000E+00  2.1355E+00  3.2609E+03
   1.3573E+01  1.3300E+00 -3.2905E+03  1.0863E+03  1.1942E+00  1.0000E+00  2.1106E+00  2.9739E+03
   2.5000E+01  2.2319E+00 -2.6812E+03  0.0000E+00  1.1913E+00  0.0000E+00  2.1360E+00  3.2656E+03
   1.4140E+01  1.3840E+00 -3.2911E+03  1.0868E+03  1.1940E+00  1.0000E+00  2.1111E+00  2.9785E+03
   2.6000E+01  2.3190E+00 -2.6812E+03  0.0000E+00  1.1912E+00  0.0000E+00  2.1364E+00  3.2702E+03
   1.4706E+01  1.4380E+00 -3.2916E+03  1.0874E+03  1.1938E+00  1.0000E+00  2.1115E+00  2.9828E+03
   2.7000E+01  2.4060E+00 -2.6812E+03  0.0000E+00  1.1910E+00  0.0000E+00  2.1368E+00  3.2746E+03
   1.5272E+01  1.4919E+00 -3.2921E+03  1.0879E+03  1.1937E+00  1.0000E+00  2.1120E+00  2.9870E+03
   2.8000E+01  2.4929E+00 -2.6812E+03  0.0000E+00  1.1909E+00  0.0000E+00  2.1372E+00  3.2788E+03
   1.5839E+01  1.5458E+00 -3.2926E+03  1.0884E+03  1.1936E+00  1.0000E+00  2.1124E+00  2.9911E+03
   2.9000E+01  2.5798E+00 -2.6812E+03  0.0000E+00  1.1907E+00  0.0000E+00  2.1376E+00  3.2829E+03
   1.6405E+01  1.5997E+00 -3.2931E+03  1.0889E+03  1.1934E+00  1.0000E+00  2.1128E+00  2.9950E+03
   3.0000E+01  2.6666E+00 -2.6812E+03  0.0000E+00  1.1906E+00  0.0000E+00  2.1379E+00  3.2868E+03
   1.6972E+01  1.6535E+00 -3.2936E+03  1.0894E+03  1.1933E+00  1.0000E+00  2.1132E+00  2.9987E+03
   1.0000E+01  9.2023E-01 -2.6405E+03  0.0000E+00  1.1946E+00  0.0000E+00  2.1114E+00  3.1589E+03
   5.6489E+00  5.7085E-01 -3.2330E+03  1.0696E+03  1.1975E+00  1.0000E+00  2.0855E+00  2.8766E+03
   1.1000E+01  1.0099E+00 -2.6405E+03  0.0000E+00  1.1943E+00  0.0000E+00  2.1124E+00  3.1698E+03
   6.2146E+00  6.2642E-01 -3.2344E+03  1.0710E+03  1.1972E+00  1.0000E+00  2.0866E+00  2.8870E+03
   1.2000E+01  1.0993E+00 -2.6405E+03  0.0000E+00  1.1940E+00  0.0000E+00  2.1133E+00  3.1797E+03
   6.7804E+00  6.8188E-01 -3.2356E+03  1.0722E+03  1.1968E+00  1.0000E+00  2.0877E+00  2.8965E+03
   1.3000E+01  1.1885E+00 -2.6405E+03  0.0000E+00  1.1937E+00  0.0000E+00  2.1142E+00  3.1889E+03
   7.3463E+00  7.3722E-01 -3.2367E+03  1.0733E+03  1.1965E+00  1.0000E+00  2.0886E+00  2.9053E+03
   1.4000E+01  1.2776E+00 -2.6405E+03  0.0000E+00  1.1934E+00  0.0000E+00  2.1150E+00  3.1974E+03
   7.9122E+00  7.9245E-01 -3.2377E+03  1.0744E+03  1.1962E+00  1.0000E+00  2.0895E+00  2.9134E+03
   1.5000E+01  1.3666E+00 -2.6405E+03  0.0000E+00  1.1931E+00  0.0000E+00  2.1157E+00  3.2053E+03
   8.4781E+00  8.4760E-01 -3.2386E+03  1.0753E+03  1.1959E+00  1.0000E+00  2.0903E+00  2.9210E+03
   1.6000E+01  1.4554E+00 -2.6405E+03  0.0000E+00  1.1929E+00  0.0000E+00  2.1164E+00  3.2128E+03
   9.0442E+00  9.0265E-01 -3.2395E+03  1.0763E+03  1.1957E+00  1.0000E+00  2.0911E+00  2.9281E+03
   1.7000E+01  1.5441E+00 -2.6405E+03  0.0000E+00  1.1926E+00  0.0000E+00  2.1171E+00  3.2198E+03
   9.6102E+00  9.5762E-01 -3.2403E+03  1.0771E+03  1.1954E+00  1.0000E+00  2.0918E+00  2.9348E+03
   1.8000E+01  1.6326E+00 -2.6405E+03  0.0000E+00  1.1924E+00  0.0000E+00  2.1177E+00  3.2263E+03
   1.0176E+01  1.0125E+00 -3.2411E+03  1.0779E+03  1.1952E+00  1.0000E+00  2.0925E+00  2.9411E+03
   1.9000E+01  1.7210E+00 -2.6405E+03  0.0000E+00  1.1922E+00  0.0000E+00  2.1183E+00  3.2326E+03
   1.0742E+01  1.0673E+00 -3.2419E+03  1.0787E+03  1.1950E+00  1.0000E+00  2.0932E+00  2.9471E+03
   2.0000E+01  1.8094E+00 -2.6405E+03  0.0000E+00  1.1920E+00  0.0000E+00  2.1188E+00  3.2385E+03
   1.1309E+01  1.1221E+00 -3.2426E+03  1.0794E+03  1.1948E+00  1.0000E+00  2.0938E+00  2.9527E+03
   2.1000E+01  1.8976E+00 -2.6405E+03  0.0000E+00  1.1918E+00  0.0000E+00  2.1193E+00  3.2442E+03
   1.1875E+01  1.1768E+00 -3.2432E+03  1.0801E+03  1.1946E+00  1.0000E+00  2.0944E+00  2.9581E+03
   2.2000E+01  1.9857E+00 -2.6405E+03  0.0000E+00  1.1917E+00  0.0000E+00  2.1198E+00  3.2495E+03
   1.2441E+01  1.2314E+00 -3.2439E+03  1.0807E+03  1.1944E+00  1.0000E+00  2.0949E+00  2.9633E+03
   2.3000E+01  2.0737E+00 -2.6405E+03  0.0000E+00  1.1915E+00  0.0000E+00  2.1203E+00  3.2547E+03
   1.3008E+01  1.2860E+00 -3.2445E+03  1.0813E+03  1.1942E+00  1.0000E+00  2.0955E+00  2.9682E+03
   2.4000E+01  2.1617E+00 -2.6405E+03  0.0000E+00  1.1913E+00  0.0000E+00  2.1208E+00  3.2596E+03
   1.3574E+01  1.3405E+00 -3.2451E+03  1.0819E+03  1.1940E+00  1.0000E+00  2.0960E+00  2.9729E+03
   2.5000E+01  2.2496E+00 -2.6405E+03  0.0000E+00  1.1912E+00  0.0000E+00  2.1212E+00  3.2643E+03
   1.4140E+01  1.3950E+00 -3.2456E+03  1.0825E+03  1.1939E+00  1.0000E+00  2.0965E+00  2.9775E+03
   2.6000E+01  2.3373E+00 -2.6405E+03  0.0000E+00  1.1910E+00  0.0000E+00  2.1216E+00  3.2689E+03
   1.4707E+01  1.4494E+00 -3.2461E+03  1.0831E+03  1.1937E+00  1.0000E+00  2.0969E+00  2.9818E+03
   2.7000E+01  2.4250E+00 -2.6405E+03  0.0000E+00  1.1909E+00  0.0000E+00  2.1220E+00  3.2733E+03
   1.5273E+01  1.5037E+00 -3.2467E+03  1.0836E+03  1.1936E+00  1.0000E+00  2.0974E+00  2.9860E+03
   2.8000E+01  2.5127E+00 -2.6405E+03  0.0000E+00  1.1908E+00  0.0000E+00  2.1224E+00  3.2775E+03
   1.5840E+01  1.5581E+00 -3.2472E+03  1.0841E+03  1.1934E+00  1.0000E+00  2.0978E+00  2.9901E+03
   2.9000E+01  2.6002E+00 -2.6405E+03  0.0000E+00  1.1906E+00  0.0000E+00  2.1228E+00  3.2816E+03
   1.6406E+01  1.6123E+00 -3.2476E+03  1.0846E+03  1.1933E+00  1.0000E+00  2.0982E+00  2.9940E+03
   3.0000E+01  2.6877E+00 -2.6405E+03  0.0000E+00  1.1905E+00  0.0000E+00  2.1231E+00  3.2855E+03
   1.6973E+01  1.6665E+00 -3.2481E+03  1.0851E+03  1.1931E+00  1.0000E+00  2.0986E+00  2.9977E+03
   1.0000E+01  9.2751E-01 -2.6013E+03  0.0000E+00  1.1946E+00  0.0000E+00  2.0970E+00  3.1567E+03
   5.6491E+00  5.7536E-01 -3.1892E+03  1.0654E+03  1.1975E+00  1.0000E+00  2.0713E+00  2.8747E+03
   1.1000E+01  1.0178E+00 -2.6013E+03  0.0000E+00  1.1942E+00  0.0000E+00  2.0980E+00  3.1675E+03
   6.2148E+00  6.3137E-01 -3.1905E+03  1.0667E+03  1.1971E+00  1.0000E+00  2.0724E+00  2.8851E+03
   1.2000E+01  1.1080E+00 -2.6013E+03  0.0000E+00  1.1939E+00  0.0000E+00  2.0990E+00  3.1775E+03
   6.7806E+00  6.8727E-01 -3.1917E+03  1.0680E+03  1.1967E+00  1.0000E+00  2.0735E+00  2.8945E+03
   1.3000E+01  1.1980E+00 -2.6013E+03  0.0000E+00  1.1936E+00  0.0000E+00  2.0998E+00  3.1866E+03
   7.3465E+00  7.4305E-01 -3.1927E+03  1.0691E+03  1.1964E+00  1.0000E+00  2.0744E+00  2.9033E+03
   1.4000E+01  1.2878E+00 -2.6013E+03  0.0000E+00  1.1933E+00  0.0000E+00  2.1006E+00  3.1951E+03
   7.9124E+00  7.9872E-01 -3.1938E+03  1.0701E+03  1.1961E+00  1.0000E+00  2.0753E+00  2.9114E+03
   1.5000E+01  1.3774E+00 -2.6013E+03  0.0000E+00  1.1930E+00  0.0000E+00  2.1014E+00  3.2030E+03
   8.4784E+00  8.5431E-01 -3.1947E+03  1.0711E+03  1.1958E+00  1.0000E+00  2.0762E+00  2.9190E+03
   1.6000E+01  1.4669E+00 -2.6013E+03  0.0000E+00  1.1928E+00  0.0000E+00  2.1020E+00  3.2104E+03
   9.0444E+00  9.0980E-01 -3.1956E+03  1.0720E+03  1.1956E+00  1.0000E+00  2.0769E+00  2.9261E+03
   1.7000E+01  1.5563E+00 -2.6013E+03  0.0000E+00  1.1926E+00  0.0000E+00  2.1027E+00  3.2174E+03
   9.6105E+00  9.6521E-01 -3.1964E+03  1.0729E+03  1.1953E+00  1.0000E+00  2.0776E+00  2.9327E+03
   1.8000E+01  1.6456E+00 -2.6013E+03  0.0000E+00  1.1923E+00  0.0000E+00  2.1033E+00  3.2240E+03
   1.0177E+01  1.0205E+00 -3.1972E+03  1.0737E+03  1.1951E+00  1.0000E+00  2.0783E+00  2.9390E+03
   1.9000E+01  1.7347E+00 -2.6013E+03  0.0000E+00  1.1921E+00  0.0000E+00  2.1039E+00  3.2302E+03
   1.0743E+01  1.0758E+00 -3.1979E+03  1.0744E+03  1.1949E+00  1.0000E+00  2.0790E+00  2.9450E+03
   2.0000E+01  1.8237E+00 -2.6013E+03  0.0000E+00  1.1919E+00  0.0000E+00  2.1044E+00  3.2361E+03
   1.1309E+01  1.1310E+00 -3.1986E+03  1.0751E+03  1.1947E+00  1.0000E+00  2.0796E+00  2.9506E+03
   2.1000E+01  1.9126E+00 -2.6013E+03  0.0000E+00  1.1918E+00  0.0000E+00  2.1049E+00  3.2417E+03
   1.1875E+01  1.1861E+00 -3.1993E+03  1.0758E+03  1.1945E+00  1.0000E+00  2.0802E+00  2.9560E+03
   2.2000E+01  2.0015E+00 -2.6013E+03  0.0000E+00  1.1916E+00  0.0000E+00  2.1054E+00  3.2471E+03
   1.2442E+01  1.2412E+00 -3.1999E+03  1.0765E+03  1.1943E+00  1.0000E+00  2.0807E+00  2.9611E+03
   2.3000E+01  2.0902E+00 -2.6013E+03  0.0000E+00  1.1914E+00  0.0000E+00  2.1059E+00  3.2522E+03
   1.3008E+01  1.2962E+00 -3.2005E+03  1.0771E+03  1.1941E+00  1.0000E+00  2.0812E+00  2.9661E+03
   2.4000E+01  2.1789E+00 -2.6013E+03  0.0000E+00  1.1913E+00  0.0000E+00  2.1064E+00  3.2571E+03
   1.3574E+01  1.3511E+00 -3.2011E+03  1.0777E+03  1.1940E+00  1.0000E+00  2.0817E+00  2.9708E+03
   2.5000E+01  2.2674E+00 -2.6013E+03  0.0000E+00  1.1911E+00  0.0000E+00  2.1068E+00  3.2618E+03
   1.4141E+01  1.4060E+00 -3.2016E+03  1.0782E+03  1.1938E+00  1.0000E+00  2.0822E+00  2.9753E+03
   2.6000E+01  2.3559E+00 -2.6013E+03  0.0000E+00  1.1910E+00  0.0000E+00  2.1072E+00  3.2664E+03
   1.4707E+01  1.4609E+00 -3.2021E+03  1.0788E+03  1.1936E+00  1.0000E+00  2.0827E+00  2.9796E+03
   2.7000E+01  2.4443E+00 -2.6013E+03  0.0000E+00  1.1908E+00  0.0000E+00  2.1076E+00  3.2708E+03
   1.5273E+01  1.5157E+00 -3.2027E+03  1.0793E+03  1.1935E+00  1.0000E+00  2.0831E+00  2.9838E+03
   2.8000E+01  2.5326E+00 -2.6013E+03  0.0000E+00  1.1907E+00  0.0000E+00  2.1080E+00  3.2750E+03
   1.5840E+01  1.5704E+00 -3.2031E+03  1.0798E+03  1.1933E+00  1.0000E+00  2.0836E+00  2.9878E+03
   2.9000E+01  2.6209E+00 -2.6013E+03  0.0000E+00  1.1905E+00  0.0000E+00  2.1084E+00  3.2790E+03
   1.6406E+01  1.6251E+00 -3.2036E+03  1.0803E+03  1.1932E+00  1.0000E+00  2.0840E+00  2.9917E+03
   3.0000E+01  2.7091E+00 -2.6013E+03  0.0000E+00  1.1904E+00  0.0000E+00  2.1087E+00  3.2830E+03
   1.6973E+01  1.6798E+00 -3.2041E+03  1.0808E+03  1.1931E+00  1.0000E+00  2.0844E+00  2.9955E+03
   1.0000E+01  9.3482E-01 -2.5635E+03  0.0000E+00  1.1945E+00  0.0000E+00  2.0831E+00  3.1536E+03
   5.6492E+00  5.7989E-01 -3.1467E+03  1.0612E+03  1.1974E+00  1.0000E+00  2.0575E+00  2.8720E+03
   1.1000E+01  1.0259E+00 -2.5635E+03  0.0000E+00  1.1942E+00  0.0000E+00  2.0841E+00  3.1644E+03
   6.2149E+00  6.3635E-01 -3.1480E+03  1.0626E+03  1.1970E+00  1.0000E+00  2.0586E+00  2.8823E+03
   1.2000E+01  1.1167E+00 -2.5635E+03  0.0000E+00  1.1938E+00  0.0000E+00  2.0850E+00  3.1743E+03
   6.7807E+00  6.9269E-01 -3.1492E+03  1.0638E+03  1.1967E+00  1.0000E+00  2.0597E+00  2.8917E+03
   1.3000E+01  1.2074E+00 -2.5635E+03  0.0000E+00  1.1935E+00  0.0000E+00  2.0859E+00  3.1834E+03
   7.3466E+00  7.4891E-01 -3.1502E+03  1.0649E+03  1.1964E+00  1.0000E+00  2.0606E+00  2.9004E+03
   1.4000E+01  1.2979E+00 -2.5635E+03  0.0000E+00  1.1932E+00  0.0000E+00  2.0866E+00  3.1919E+03
   7.9125E+00  8.0503E-01 -3.1512E+03  1.0659E+03  1.1961E+00  1.0000E+00  2.0615E+00  2.9085E+03
   1.5000E+01  1.3883E+00 -2.5635E+03  0.0000E+00  1.1930E+00  0.0000E+00  2.0874E+00  3.1997E+03
   8.4785E+00  8.6106E-01 -3.1522E+03  1.0669E+03  1.1958E+00  1.0000E+00  2.0623E+00  2.9161E+03
   1.6000E+01  1.4785E+00 -2.5635E+03  0.0000E+00  1.1927E+00  0.0000E+00  2.0881E+00  3.2071E+03
   9.0445E+00  9.1699E-01 -3.1530E+03  1.0678E+03  1.1955E+00  1.0000E+00  2.0631E+00  2.9231E+03
   1.7000E+01  1.5686E+00 -2.5635E+03  0.0000E+00  1.1925E+00  0.0000E+00  2.0887E+00  3.2141E+03
   9.6106E+00  9.7284E-01 -3.1539E+03  1.0686E+03  1.1953E+00  1.0000E+00  2.0638E+00  2.9297E+03
   1.8000E+01  1.6586E+00 -2.5635E+03  0.0000E+00  1.1923E+00  0.0000E+00  2.0893E+00  3.2206E+03
   1.0177E+01  1.0286E+00 -3.1546E+03  1.0694E+03  1.1951E+00  1.0000E+00  2.0645E+00  2.9360E+03
   1.9000E+01  1.7484E+00 -2.5635E+03  0.0000E+00  1.1921E+00  0.0000E+00  2.0899E+00  3.2268E+03
   1.0743E+01  1.0843E+00 -3.1554E+03  1.0702E+03  1.1949E+00  1.0000E+00  2.0651E+00  2.9419E+03
   2.0000E+01  1.8382E+00 -2.5635E+03  0.0000E+00  1.1919E+00  0.0000E+00  2.0904E+00  3.2327E+03
   1.1309E+01  1.1400E+00 -3.1560E+03  1.0709E+03  1.1946E+00  1.0000E+00  2.0657E+00  2.9476E+03
   2.1000E+01  1.9278E+00 -2.5635E+03  0.0000E+00  1.1917E+00  0.0000E+00  2.0909E+00  3.2383E+03
   1.1875E+01  1.1955E+00 -3.1567E+03  1.0716E+03  1.1945E+00  1.0000E+00  2.0663E+00  2.9529E+03
   2.2000E+01  2.0174E+00 -2.5635E+03  0.0000E+00  1.1915E+00  0.0000E+00  2.0914E+00  3.2436E+03
   1.2442E+01  1.2510E+00 -3.1573E+03  1.0722E+03  1.1943E+00  1.0000E+00  2.0669E+00  2.9580E+03
   2.3000E+01  2.1068E+00 -2.5635E+03  0.0000E+00  1.1914E+00  0.0000E+00  2.0919E+00  3.2487E+03
   1.3008E+01  1.3065E+00 -3.1579E+03  1.0728E+03  1.1941E+00  1.0000E+00  2.0674E+00  2.9629E+03
   2.4000E+01  2.1962E+00 -2.5635E+03  0.0000E+00  1.1912E+00  0.0000E+00  2.0924E+00  3.2536E+03
   1.3574E+01  1.3619E+00 -3.1585E+03  1.0734E+03  1.1939E+00  1.0000E+00  2.0679E+00  2.9676E+03
   2.5000E+01  2.2854E+00 -2.5635E+03  0.0000E+00  1.1911E+00  0.0000E+00  2.0928E+00  3.2583E+03
   1.4141E+01  1.4172E+00 -3.1590E+03  1.0740E+03  1.1938E+00  1.0000E+00  2.0684E+00  2.9721E+03
   2.6000E+01  2.3746E+00 -2.5635E+03  0.0000E+00  1.1909E+00  0.0000E+00  2.0932E+00  3.2628E+03
   1.4707E+01  1.4725E+00 -3.1595E+03  1.0745E+03  1.1936E+00  1.0000E+00  2.0688E+00  2.9764E+03
   2.7000E+01  2.4637E+00 -2.5635E+03  0.0000E+00  1.1908E+00  0.0000E+00  2.0936E+00  3.2672E+03
   1.5274E+01  1.5277E+00 -3.1600E+03  1.0750E+03  1.1935E+00  1.0000E+00  2.0693E+00  2.9806E+03
   2.8000E+01  2.5528E+00 -2.5635E+03  0.0000E+00  1.1906E+00  0.0000E+00  2.0940E+00  3.2714E+03
   1.5840E+01  1.5829E+00 -3.1605E+03  1.0755E+03  1.1933E+00  1.0000E+00  2.0697E+00  2.9846E+03
   2.9000E+01  2.6417E+00 -2.5635E+03  0.0000E+00  1.1905E+00  0.0000E+00  2.0944E+00  3.2754E+03
   1.6407E+01  1.6380E+00 -3.1610E+03  1.0760E+03  1.1932E+00  1.0000E+00  2.0701E+00  2.9885E+03
   3.0000E+01  2.7306E+00 -2.5635E+03  0.0000E+00  1.1904E+00  0.0000E+00  2.0947E+00  3.2793E+03
   1.6973E+01  1.6931E+00 -3.1614E+03  1.0765E+03  1.1930E+00  1.0000E+00  2.0705E+00  2.9922E+03
   1.0000E+01  9.4214E-01 -2.5269E+03  0.0000E+00  1.1945E+00  0.0000E+00  2.0695E+00  3.1498E+03
   5.6492E+00  5.8443E-01 -3.1056E+03  1.0571E+03  1.1974E+00  1.0000E+00  2.0441E+00  2.8685E+03
   1.1000E+01  1.0339E+00 -2.5269E+03  0.0000E+00  1.1941E+00  0.0000E+00  2.0705E+00  3.1606E+03
   6.2149E+00  6.4134E-01 -3.1069E+03  1.0584E+03  1.1970E+00  1.0000E+00  2.0452E+00  2.8788E+03
   1.2000E+01  1.1255E+00 -2.5269E+03  0.0000E+00  1.1938E+00  0.0000E+00  2.0714E+00  3.1704E+03
   6.7807E+00  6.9812E-01 -3.1080E+03  1.0596E+03  1.1967E+00  1.0000E+00  2.0462E+00  2.8882E+03
   1.3000E+01  1.2169E+00 -2.5269E+03  0.0000E+00  1.1935E+00  0.0000E+00  2.0723E+00  3.1795E+03
   7.3466E+00  7.5479E-01 -3.1091E+03  1.0608E+03  1.1964E+00  1.0000E+00  2.0472E+00  2.8969E+03
   1.4000E+01  1.3081E+00 -2.5269E+03  0.0000E+00  1.1932E+00  0.0000E+00  2.0730E+00  3.1879E+03
   7.9125E+00  8.1136E-01 -3.1101E+03  1.0618E+03  1.1961E+00  1.0000E+00  2.0480E+00  2.9049E+03
   1.5000E+01  1.3992E+00 -2.5269E+03  0.0000E+00  1.1930E+00  0.0000E+00  2.0738E+00  3.1957E+03
   8.4785E+00  8.6783E-01 -3.1110E+03  1.0627E+03  1.1958E+00  1.0000E+00  2.0489E+00  2.9124E+03
   1.6000E+01  1.4902E+00 -2.5269E+03  0.0000E+00  1.1927E+00  0.0000E+00  2.0745E+00  3.2030E+03
   9.0445E+00  9.2421E-01 -3.1119E+03  1.0636E+03  1.1955E+00  1.0000E+00  2.0496E+00  2.9194E+03
   1.7000E+01  1.5810E+00 -2.5269E+03  0.0000E+00  1.1925E+00  0.0000E+00  2.0751E+00  3.2099E+03
   9.6106E+00  9.8051E-01 -3.1127E+03  1.0645E+03  1.1953E+00  1.0000E+00  2.0503E+00  2.9260E+03
   1.8000E+01  1.6717E+00 -2.5269E+03  0.0000E+00  1.1923E+00  0.0000E+00  2.0757E+00  3.2164E+03
   1.0177E+01  1.0367E+00 -3.1134E+03  1.0653E+03  1.1951E+00  1.0000E+00  2.0510E+00  2.9322E+03
   1.9000E+01  1.7622E+00 -2.5269E+03  0.0000E+00  1.1921E+00  0.0000E+00  2.0763E+00  3.2226E+03
   1.0743E+01  1.0929E+00 -3.1141E+03  1.0660E+03  1.1948E+00  1.0000E+00  2.0516E+00  2.9381E+03
   2.0000E+01  1.8527E+00 -2.5269E+03  0.0000E+00  1.1919E+00  0.0000E+00  2.0768E+00  3.2284E+03
   1.1309E+01  1.1489E+00 -3.1148E+03  1.0667E+03  1.1946E+00  1.0000E+00  2.0522E+00  2.9437E+03
   2.1000E+01  1.9430E+00 -2.5269E+03  0.0000E+00  1.1917E+00  0.0000E+00  2.0773E+00  3.2340E+03
   1.1875E+01  1.2050E+00 -3.1155E+03  1.0674E+03  1.1945E+00  1.0000E+00  2.0528E+00  2.9490E+03
   2.2000E+01  2.0333E+00 -2.5269E+03  0.0000E+00  1.1915E+00  0.0000E+00  2.0778E+00  3.2393E+03
   1.2442E+01  1.2609E+00 -3.1161E+03  1.0680E+03  1.1943E+00  1.0000E+00  2.0534E+00  2.9541E+03
   2.3000E+01  2.1235E+00 -2.5269E+03  0.0000E+00  1.1914E+00  0.0000E+00  2.0783E+00  3.2444E+03
   1.3008E+01  1.3168E+00 -3.1167E+03  1.0686E+03  1.1941E+00  1.0000E+00  2.0539E+00  2.9590E+03
   2.4000E+01  2.2135E+00 -2.5269E+03  0.0000E+00  1.1912E+00  0.0000E+00  2.0787E+00  3.2493E+03
   1.3574E+01  1.3726E+00 -3.1172E+03  1.0692E+03  1.1939E+00  1.0000E+00  2.0544E+00  2.9636E+03
   2.5000E+01  2.3035E+00 -2.5269E+03  0.0000E+00  1.1911E+00  0.0000E+00  2.0792E+00  3.2539E+03
   1.4141E+01  1.4284E+00 -3.1178E+03  1.0698E+03  1.1938E+00  1.0000E+00  2.0548E+00  2.9681E+03
   2.6000E+01  2.3934E+00 -2.5269E+03  0.0000E+00  1.1909E+00  0.0000E+00  2.0796E+00  3.2584E+03
   1.4707E+01  1.4841E+00 -3.1183E+03  1.0703E+03  1.1936E+00  1.0000E+00  2.0553E+00  2.9724E+03
   2.7000E+01  2.4832E+00 -2.5269E+03  0.0000E+00  1.1908E+00  0.0000E+00  2.0800E+00  3.2627E+03
   1.5274E+01  1.5398E+00 -3.1188E+03  1.0708E+03  1.1935E+00  1.0000E+00  2.0557E+00  2.9765E+03
   2.8000E+01  2.5730E+00 -2.5269E+03  0.0000E+00  1.1906E+00  0.0000E+00  2.0803E+00  3.2669E+03
   1.5840E+01  1.5954E+00 -3.1193E+03  1.0713E+03  1.1933E+00  1.0000E+00  2.0562E+00  2.9805E+03
   2.9000E+01  2.6627E+00 -2.5269E+03  0.0000E+00  1.1905E+00  0.0000E+00  2.0807E+00  3.2709E+03
   1.6407E+01  1.6510E+00 -3.1197E+03  1.0718E+03  1.1932E+00  1.0000E+00  2.0566E+00  2.9844E+03
   3.0000E+01  2.7523E+00 -2.5269E+03  0.0000E+00  1.1904E+00  0.0000E+00  2.0811E+00  3.2748E+03
   1.6973E+01  1.7066E+00 -3.1202E+03  1.0723E+03  1.1931E+00  1.0000E+00  2.0570E+00  2.9881E+03
   1.0000E+01  9.4946E-01 -2.4915E+03  0.0000E+00  1.1945E+00  0.0000E+00  2.0563E+00  3.1455E+03
   5.6491E+00  5.8897E-01 -3.0658E+03  1.0531E+03  1.1974E+00  1.0000E+00  2.0310E+00  2.8645E+03
   1.1000E+01  1.0420E+00 -2.4915E+03  0.0000E+00  1.1942E+00  0.0000E+00  2.0573E+00  3.1561E+03
   6.2149E+00  6.4633E-01 -3.0670E+03  1.0544E+03  1.1970E+00  1.0000E+00  2.0321E+00  2.8747E+03
   1.2000E+01  1.1343E+00 -2.4915E+03  0.0000E+00  1.1938E+00  0.0000E+00  2.0582E+00  3.1659E+03
   6.7807E+00  7.0356E-01 -3.0682E+03  1.0556E+03  1.1967E+00  1.0000E+00  2.0331E+00  2.8840E+03
   1.3000E+01  1.2264E+00 -2.4915E+03  0.0000E+00  1.1935E+00  0.0000E+00  2.0590E+00  3.1749E+03
   7.3465E+00  7.6068E-01 -3.0692E+03  1.0567E+03  1.1964E+00  1.0000E+00  2.0341E+00  2.8927E+03
   1.4000E+01  1.3184E+00 -2.4915E+03  0.0000E+00  1.1933E+00  0.0000E+00  2.0598E+00  3.1832E+03
   7.9125E+00  8.1770E-01 -3.0702E+03  1.0577E+03  1.1961E+00  1.0000E+00  2.0349E+00  2.9006E+03
   1.5000E+01  1.4102E+00 -2.4915E+03  0.0000E+00  1.1930E+00  0.0000E+00  2.0605E+00  3.1910E+03
   8.4784E+00  8.7461E-01 -3.0711E+03  1.0587E+03  1.1958E+00  1.0000E+00  2.0357E+00  2.9081E+03
   1.6000E+01  1.5018E+00 -2.4915E+03  0.0000E+00  1.1928E+00  0.0000E+00  2.0612E+00  3.1983E+03
   9.0445E+00  9.3144E-01 -3.0720E+03  1.0595E+03  1.1956E+00  1.0000E+00  2.0365E+00  2.9150E+03
   1.7000E+01  1.5934E+00 -2.4915E+03  0.0000E+00  1.1925E+00  0.0000E+00  2.0619E+00  3.2051E+03
   9.6105E+00  9.8819E-01 -3.0728E+03  1.0604E+03  1.1953E+00  1.0000E+00  2.0372E+00  2.9216E+03
   1.8000E+01  1.6848E+00 -2.4915E+03  0.0000E+00  1.1923E+00  0.0000E+00  2.0624E+00  3.2116E+03
   1.0177E+01  1.0449E+00 -3.0735E+03  1.0612E+03  1.1951E+00  1.0000E+00  2.0379E+00  2.9278E+03
   1.9000E+01  1.7760E+00 -2.4915E+03  0.0000E+00  1.1921E+00  0.0000E+00  2.0630E+00  3.2177E+03
   1.0743E+01  1.1014E+00 -3.0742E+03  1.0619E+03  1.1949E+00  1.0000E+00  2.0385E+00  2.9336E+03
   2.0000E+01  1.8672E+00 -2.4915E+03  0.0000E+00  1.1919E+00  0.0000E+00  2.0636E+00  3.2235E+03
   1.1309E+01  1.1580E+00 -3.0749E+03  1.0626E+03  1.1947E+00  1.0000E+00  2.0391E+00  2.9392E+03
   2.1000E+01  1.9583E+00 -2.4915E+03  0.0000E+00  1.1917E+00  0.0000E+00  2.0641E+00  3.2290E+03
   1.1875E+01  1.2144E+00 -3.0755E+03  1.0633E+03  1.1945E+00  1.0000E+00  2.0397E+00  2.9445E+03
   2.2000E+01  2.0493E+00 -2.4915E+03  0.0000E+00  1.1916E+00  0.0000E+00  2.0645E+00  3.2343E+03
   1.2442E+01  1.2708E+00 -3.0761E+03  1.0639E+03  1.1943E+00  1.0000E+00  2.0402E+00  2.9495E+03
   2.3000E+01  2.1402E+00 -2.4915E+03  0.0000E+00  1.1914E+00  0.0000E+00  2.0650E+00  3.2393E+03
   1.3008E+01  1.3272E+00 -3.0767E+03  1.0645E+03  1.1941E+00  1.0000E+00  2.0407E+00  2.9543E+03
   2.4000E+01  2.2309E+00 -2.4915E+03  0.0000E+00  1.1913E+00  0.0000E+00  2.0655E+00  3.2442E+03
   1.3574E+01  1.3834E+00 -3.0773E+03  1.0651E+03  1.1940E+00  1.0000E+00  2.0412E+00  2.9589E+03
   2.5000E+01  2.3217E+00 -2.4915E+03  0.0000E+00  1.1911E+00  0.0000E+00  2.0659E+00  3.2488E+03
   1.4141E+01  1.4397E+00 -3.0778E+03  1.0656E+03  1.1938E+00  1.0000E+00  2.0417E+00  2.9634E+03
   2.6000E+01  2.4123E+00 -2.4915E+03  0.0000E+00  1.1910E+00  0.0000E+00  2.0663E+00  3.2533E+03
   1.4707E+01  1.4958E+00 -3.0783E+03  1.0662E+03  1.1937E+00  1.0000E+00  2.0421E+00  2.9676E+03
   2.7000E+01  2.5028E+00 -2.4915E+03  0.0000E+00  1.1908E+00  0.0000E+00  2.0667E+00  3.2575E+03
   1.5273E+01  1.5520E+00 -3.0788E+03  1.0667E+03  1.1935E+00  1.0000E+00  2.0426E+00  2.9718E+03
   2.8000E+01  2.5933E+00 -2.4915E+03  0.0000E+00  1.1907E+00  0.0000E+00  2.0671E+00  3.2617E+03
   1.5840E+01  1.6080E+00 -3.0793E+03  1.0672E+03  1.1934E+00  1.0000E+00  2.0430E+00  2.9757E+03
   2.9000E+01  2.6837E+00 -2.4915E+03  0.0000E+00  1.1906E+00  0.0000E+00  2.0674E+00  3.2657E+03
   1.6406E+01  1.6641E+00 -3.0797E+03  1.0677E+03  1.1932E+00  1.0000E+00  2.0434E+00  2.9795E+03
   3.0000E+01  2.7740E+00 -2.4915E+03  0.0000E+00  1.1904E+00  0.0000E+00  2.0678E+00  3.2695E+03
   1.6973E+01  1.7201E+00 -3.0802E+03  1.0681E+03  1.1931E+00  1.0000E+00  2.0438E+00  2.9832E+03