           p         rho           h         isp         gam        mach          cp           t
   1.0000E+00  9.3142E-02 -2.9087E+03  0.0000E+00  1.2049E+00  0.0000E+00  2.1811E+00  2.8950E+03
   5.6277E-01  5.7839E-02 -3.4966E+03  1.0617E+03  1.2084E+00  1.0000E+00  2.1503E+00  2.6236E+03
   2.0000E+00  1.8299E-01 -2.9087E+03  0.0000E+00  1.2023E+00  0.0000E+00  2.1886E+00  2.9680E+03
   1.1266E+00  1.1361E-01 -3.5065E+03  1.0719E+03  1.2057E+00  1.0000E+00  2.1588E+00  2.6930E+03
   3.0000E+00  2.7168E-01 -2.9087E+03  0.0000E+00  1.2008E+00  0.0000E+00  2.1930E+00  3.0113E+03
   1.6908E+00  1.6864E-01 -3.5123E+03  1.0779E+03  1.2041E+00  1.0000E+00  2.1637E+00  2.7342E+03
   4.0000E+00  3.5964E-01 -2.9087E+03  0.0000E+00  1.1997E+00  0.0000E+00  2.1961E+00  3.0422E+03
   2.2553E+00  2.2321E-01 -3.5164E+03  1.0821E+03  1.2029E+00  1.0000E+00  2.1672E+00  2.7637E+03
   5.0000E+00  4.4707E-01 -2.9087E+03  0.0000E+00  1.1989E+00  0.0000E+00  2.1985E+00  3.0663E+03
   2.8200E+00  2.7745E-01 -3.5196E+03  1.0853E+03  1.2020E+00  1.0000E+00  2.1699E+00  2.7867E+03
   6.0000E+00  5.3407E-01 -2.9087E+03  0.0000E+00  1.1982E+00  0.0000E+00  2.2004E+00  3.0861E+03
   3.3849E+00  3.3142E-01 -3.5222E+03  1.0880E+03  1.2013E+00  1.0000E+00  2.1721E+00  2.8055E+03
   7.0000E+00  6.2074E-01 -2.9087E+03  0.0000E+00  1.1977E+00  0.0000E+00  2.2021E+00  3.1028E+03
   3.9498E+00  3.8518E-01 -3.5244E+03  1.0902E+03  1.2007E+00  1.0000E+00  2.1740E+00  2.8215E+03
   8.0000E+00  7.0711E-01 -2.9087E+03  0.0000E+00  1.1972E+00  0.0000E+00  2.2035E+00  3.1173E+03
   4.5149E+00  4.3876E-01 -3.5262E+03  1.0921E+03  1.2002E+00  1.0000E+00  2.1756E+00  2.8354E+03
   9.0000E+00  7.9323E-01 -2.9087E+03  0.0000E+00  1.1968E+00  0.0000E+00  2.2047E+00  3.1302E+03
   5.0801E+00  4.9217E-01 -3.5279E+03  1.0938E+03  1.1998E+00  1.0000E+00  2.1770E+00  2.8476E+03
   1.0000E+01  8.7913E-01 -2.9087E+03  0.0000E+00  1.1964E+00  0.0000E+00  2.2059E+00  3.1417E+03
   5.6453E+00  5.4545E-01 -3.5294E+03  1.0953E+03  1.1994E+00  1.0000E+00  2.1782E+00  2.8586E+03
   1.1000E+01  9.6484E-01 -2.9087E+03  0.0000E+00  1.1960E+00  0.0000E+00  2.2069E+00  3.1521E+03
   6.2107E+00  5.9860E-01 -3.5307E+03  1.0967E+03  1.1990E+00  1.0000E+00  2.1794E+00  2.8685E+03
   1.2000E+01  1.0504E+00 -2.9087E+03  0.0000E+00  1.1957E+00  0.0000E+00  2.2078E+00  3.1616E+03
   6.7761E+00  6.5164E-01 -3.5319E+03  1.0979E+03  1.1987E+00  1.0000E+00  2.1804E+00  2.8776E+03
   1.3000E+01  1.1357E+00 -2.9087E+03  0.0000E+00  1.1954E+00  0.0000E+00  2.2086E+00  3.1703E+03
   7.3415E+00  7.0458E-01 -3.5330E+03  1.0991E+03  1.1983E+00  1.0000E+00  2.1814E+00  2.8859E+03
   1.4000E+01  1.2209E+00 -2.9087E+03  0.0000E+00  1.1952E+00  0.0000E+00  2.2094E+00  3.1784E+03
   7.9070E+00  7.5743E-01 -3.5341E+03  1.1001E+03  1.1981E+00  1.0000E+00  2.1822E+00  2.8937E+03
   1.5000E+01  1.3060E+00 -2.9087E+03  0.0000E+00  1.1949E+00  0.0000E+00  2.2101E+00  3.1859E+03
   8.4726E+00  8.1019E-01 -3.5350E+03  1.1011E+03  1.1978E+00  1.0000E+00  2.1830E+00  2.9009E+03
   1.0000E+00  9.3861E-02 -2.8596E+03  0.0000E+00  1.2045E+00  0.0000E+00  2.1642E+00  2.8998E+03
   5.6285E-01  5.8284E-02 -3.4429E+03  1.0574E+03  1.2080E+00  1.0000E+00  2.1338E+00  2.6285E+03
   2.0000E+00  1.8438E-01 -2.8596E+03  0.0000E+00  1.2019E+00  0.0000E+00  2.1718E+00  2.9736E+03
   1.1268E+00  1.1446E-01 -3.4528E+03  1.0676E+03  1.2052E+00  1.0000E+00  2.1423E+00  2.6986E+03
   3.0000E+00  2.7372E-01 -2.8596E+03  0.0000E+00  1.2004E+00  0.0000E+00  2.1762E+00  3.0174E+03
   1.6911E+00  1.6990E-01 -3.4586E+03  1.0736E+03  1.2036E+00  1.0000E+00  2.1473E+00  2.7403E+03
   4.0000E+00  3.6231E-01 -2.8596E+03  0.0000E+00  1.1993E+00  0.0000E+00  2.1793E+00  3.0487E+03
   2.2557E+00  2.2486E-01 -3.4628E+03  1.0778E+03  1.2025E+00  1.0000E+00  2.1508E+00  2.7702E+03
   5.0000E+00  4.5035E-01 -2.8596E+03  0.0000E+00  1.1984E+00  0.0000E+00  2.1817E+00  3.0732E+03
   2.8205E+00  2.7948E-01 -3.4659E+03  1.0810E+03  1.2016E+00  1.0000E+00  2.1535E+00  2.7936E+03
   6.0000E+00  5.3797E-01 -2.8596E+03  0.0000E+00  1.1978E+00  0.0000E+00  2.1837E+00  3.0933E+03
   3.3855E+00  3.3383E-01 -3.4685E+03  1.0837E+03  1.2008E+00  1.0000E+00  2.1557E+00  2.8127E+03
   7.0000E+00  6.2524E-01 -2.8596E+03  0.0000E+00  1.1972E+00  0.0000E+00  2.1853E+00  3.1103E+03
   3.9505E+00  3.8796E-01 -3.4707E+03  1.0859E+03  1.2002E+00  1.0000E+00  2.1576E+00  2.8290E+03
   8.0000E+00  7.1221E-01 -2.8596E+03  0.0000E+00  1.1967E+00  0.0000E+00  2.1868E+00  3.1251E+03
   4.5157E+00  4.4190E-01 -3.4726E+03  1.0879E+03  1.1997E+00  1.0000E+00  2.1592E+00  2.8431E+03
   9.0000E+00  7.9892E-01 -2.8596E+03  0.0000E+00  1.1963E+00  0.0000E+00  2.1880E+00  3.1382E+03
   5.0810E+00  4.9567E-01 -3.4743E+03  1.0896E+03  1.1992E+00  1.0000E+00  2.1607E+00  2.8555E+03
   1.0000E+01  8.8540E-01 -2.8596E+03  0.0000E+00  1.1959E+00  0.0000E+00  2.1891E+00  3.1499E+03
   5.6464E+00  5.4931E-01 -3.4758E+03  1.0911E+03  1.1988E+00  1.0000E+00  2.1619E+00  2.8667E+03
   1.1000E+01  9.7168E-01 -2.8596E+03  0.0000E+00  1.1955E+00  0.0000E+00  2.1902E+00  3.1605E+03
   6.2118E+00  6.0282E-01 -3.4771E+03  1.0924E+03  1.1985E+00  1.0000E+00  2.1631E+00  2.8768E+03
   1.2000E+01  1.0578E+00 -2.8596E+03  0.0000E+00  1.1952E+00  0.0000E+00  2.1911E+00  3.1702E+03
   6.7773E+00  6.5621E-01 -3.4783E+03  1.0937E+03  1.1981E+00  1.0000E+00  2.1641E+00  2.8861E+03
   1.3000E+01  1.1437E+00 -2.8596E+03  0.0000E+00  1.1949E+00  0.0000E+00  2.1919E+00  3.1791E+03
   7.3429E+00  7.0950E-01 -3.4795E+03  1.0948E+03  1.1978E+00  1.0000E+00  2.1651E+00  2.8946E+03
   1.4000E+01  1.2295E+00 -2.8596E+03  0.0000E+00  1.1946E+00  0.0000E+00  2.1927E+00  3.1874E+03
   7.9085E+00  7.6269E-01 -3.4805E+03  1.0959E+03  1.1975E+00  1.0000E+00  2.1660E+00  2.9025E+03
   1.5000E+01  1.3151E+00 -2.8596E+03  0.0000E+00  1.1944E+00  0.0000E+00  2.1935E+00  3.1951E+03
   8.4742E+00  8.1580E-01 -3.4815E+03  1.0969E+03  1.1972E+00  1.0000E+00  2.1668E+00  2.9099E+03
   1.0000E+00  9.4598E-02 -2.8124E+03  0.0000E+00  1.2042E+00  0.0000E+00  2.1478E+00  2.9030E+03
   5.6291E-01  5.8739E-02 -3.3911E+03  1.0531E+03  1.2077E+00  1.0000E+00  2.1177E+00  2.6317E+03
   2.0000E+00  1.8581E-01 -2.8124E+03  0.0000E+00  1.2015E+00  0.0000E+00  2.1553E+00  2.9773E+03
   1.1269E+00  1.1535E-01 -3.4010E+03  1.0633E+03  1.2049E+00  1.0000E+00  2.1262E+00  2.7024E+03
   3.0000E+00  2.7583E-01 -2.8124E+03  0.0000E+00  1.2000E+00  0.0000E+00  2.1597E+00  3.0214E+03
   1.6913E+00  1.7120E-01 -3.4068E+03  1.0693E+03  1.2032E+00  1.0000E+00  2.1312E+00  2.7445E+03
   4.0000E+00  3.6508E-01 -2.8124E+03  0.0000E+00  1.1989E+00  0.0000E+00  2.1629E+00  3.0531E+03
   2.2560E+00  2.2657E-01 -3.4109E+03  1.0735E+03  1.2021E+00  1.0000E+00  2.1347E+00  2.7746E+03
   5.0000E+00  4.5378E-01 -2.8124E+03  0.0000E+00  1.1981E+00  0.0000E+00  2.1653E+00  3.0778E+03
   2.8209E+00  2.8159E-01 -3.4141E+03  1.0767E+03  1.2012E+00  1.0000E+00  2.1375E+00  2.7982E+03
   6.0000E+00  5.4204E-01 -2.8124E+03  0.0000E+00  1.1974E+00  0.0000E+00  2.1673E+00  3.0981E+03
   3.3859E+00  3.3634E-01 -3.4167E+03  1.0794E+03  1.2005E+00  1.0000E+00  2.1397E+00  2.8176E+03
   7.0000E+00  6.2995E-01 -2.8124E+03  0.0000E+00  1.1968E+00  0.0000E+00  2.1689E+00  3.1153E+03
   3.9511E+00  3.9086E-01 -3.4189E+03  1.0816E+03  1.1998E+00  1.0000E+00  2.1416E+00  2.8340E+03
   8.0000E+00  7.1755E-01 -2.8124E+03  0.0000E+00  1.1963E+00  0.0000E+00  2.1704E+00  3.1303E+03
   4.5164E+00  4.4520E-01 -3.4208E+03  1.0836E+03  1.1993E+00  1.0000E+00  2.1432E+00  2.8483E+03
   9.0000E+00  8.0489E-01 -2.8124E+03  0.0000E+00  1.1959E+00  0.0000E+00  2.1716E+00  3.1435E+03
   5.0817E+00  4.9936E-01 -3.4224E+03  1.0853E+03  1.1988E+00  1.0000E+00  2.1446E+00  2.8609E+03
   1.0000E+01  8.9200E-01 -2.8124E+03  0.0000E+00  1.1955E+00  0.0000E+00  2.1728E+00  3.1553E+03
   5.6472E+00  5.5339E-01 -3.4239E+03  1.0868E+03  1.1984E+00  1.0000E+00  2.1459E+00  2.8722E+03
   1.1000E+01  9.7891E-01 -2.8124E+03  0.0000E+00  1.1951E+00  0.0000E+00  2.1738E+00  3.1661E+03
   6.2127E+00  6.0728E-01 -3.4253E+03  1.0881E+03  1.1980E+00  1.0000E+00  2.1471E+00  2.8825E+03
   1.2000E+01  1.0656E+00 -2.8124E+03  0.0000E+00  1.1948E+00  0.0000E+00  2.1747E+00  3.1759E+03
   6.7783E+00  6.6105E-01 -3.4265E+03  1.0894E+03  1.1977E+00  1.0000E+00  2.1481E+00  2.8919E+03
   1.3000E+01  1.1522E+00 -2.8124E+03  0.0000E+00  1.1945E+00  0.0000E+00  2.1756E+00  3.1850E+03
   7.3440E+00  7.1472E-01 -3.4276E+03  1.0905E+03  1.1974E+00  1.0000E+00  2.1491E+00  2.9005E+03
   1.4000E+01  1.2386E+00 -2.8124E+03  0.0000E+00  1.1942E+00  0.0000E+00  2.1764E+00  3.1933E+03
   7.9097E+00  7.6829E-01 -3.4286E+03  1.0916E+03  1.1971E+00  1.0000E+00  2.1500E+00  2.9085E+03
   1.5000E+01  1.3248E+00 -2.8124E+03  0.0000E+00  1.1940E+00  0.0000E+00  2.1771E+00  3.2012E+03
   8.4755E+00  8.2177E-01 -3.4296E+03  1.0926E+03  1.1968E+00  1.0000E+00  2.1508E+00  2.9160E+03
   1.0000E+00  9.5348E-02 -2.7670E+03  0.0000E+00  1.2039E+00  0.0000E+00  2.1318E+00  2.9048E+03
   5.6297E-01  5.9203E-02 -3.3411E+03  1.0489E+03  1.2074E+00  1.0000E+00  2.1020E+00  2.6337E+03
   2.0000E+00  1.8727E-01 -2.7670E+03  0.0000E+00  1.2013E+00  0.0000E+00  2.1393E+00  2.9794E+03
   1.1270E+00  1.1625E-01 -3.3509E+03  1.0591E+03  1.2046E+00  1.0000E+00  2.1105E+00  2.7047E+03
   3.0000E+00  2.7798E-01 -2.7670E+03  0.0000E+00  1.1997E+00  0.0000E+00  2.1437E+00  3.0238E+03
   1.6915E+00  1.7253E-01 -3.3567E+03  1.0650E+03  1.2029E+00  1.0000E+00  2.1155E+00  2.7470E+03
   4.0000E+00  3.6792E-01 -2.7670E+03  0.0000E+00  1.1986E+00  0.0000E+00  2.1469E+00  3.0557E+03
   2.2562E+00  2.2833E-01 -3.3608E+03  1.0692E+03  1.2018E+00  1.0000E+00  2.1190E+00  2.7773E+03
   5.0000E+00  4.5730E-01 -2.7670E+03  0.0000E+00  1.1978E+00  0.0000E+00  2.1493E+00  3.0805E+03
   2.8212E+00  2.8377E-01 -3.3640E+03  1.0724E+03  1.2009E+00  1.0000E+00  2.1218E+00  2.8010E+03
   6.0000E+00  5.4624E-01 -2.7670E+03  0.0000E+00  1.1971E+00  0.0000E+00  2.1513E+00  3.1009E+03
   3.3863E+00  3.3894E-01 -3.3666E+03  1.0751E+03  1.2001E+00  1.0000E+00  2.1240E+00  2.8205E+03
   7.0000E+00  6.3482E-01 -2.7670E+03  0.0000E+00  1.1965E+00  0.0000E+00  2.1530E+00  3.1183E+03
   3.9515E+00  3.9387E-01 -3.3687E+03  1.0773E+03  1.1995E+00  1.0000E+00  2.1259E+00  2.8371E+03
   8.0000E+00  7.2308E-01 -2.7670E+03  0.0000E+00  1.1960E+00  0.0000E+00  2.1544E+00  3.1333E+03
   4.5168E+00  4.4861E-01 -3.3706E+03  1.0792E+03  1.1990E+00  1.0000E+00  2.1275E+00  2.8515E+03
   9.0000E+00  8.1108E-01 -2.7670E+03  0.0000E+00  1.1956E+00  0.0000E+00  2.1557E+00  3.1467E+03
   5.0823E+00  5.0319E-01 -3.3723E+03  1.0809E+03  1.1985E+00  1.0000E+00  2.1290E+00  2.8642E+03
   1.0000E+01  8.9885E-01 -2.7670E+03  0.0000E+00  1.1952E+00  0.0000E+00  2.1568E+00  3.1586E+03
   5.6478E+00  5.5761E-01 -3.3738E+03  1.0825E+03  1.1981E+00  1.0000E+00  2.1302E+00  2.8756E+03
   1.1000E+01  9.8641E-01 -2.7670E+03  0.0000E+00  1.1948E+00  0.0000E+00  2.1579E+00  3.1694E+03
   6.2134E+00  6.1191E-01 -3.3751E+03  1.0838E+03  1.1977E+00  1.0000E+00  2.1314E+00  2.8860E+03
   1.2000E+01  1.0738E+00 -2.7670E+03  0.0000E+00  1.1945E+00  0.0000E+00  2.1588E+00  3.1793E+03
   6.7791E+00  6.6608E-01 -3.3763E+03  1.0851E+03  1.1974E+00  1.0000E+00  2.1325E+00  2.8954E+03
   1.3000E+01  1.1610E+00 -2.7670E+03  0.0000E+00  1.1942E+00  0.0000E+00  2.1597E+00  3.1885E+03
   7.3448E+00  7.2015E-01 -3.3775E+03  1.0862E+03  1.1970E+00  1.0000E+00  2.1334E+00  2.9041E+03
   1.4000E+01  1.2480E+00 -2.7670E+03  0.0000E+00  1.1939E+00  0.0000E+00  2.1605E+00  3.1969E+03
   7.9106E+00  7.7412E-01 -3.3785E+03  1.0873E+03  1.1968E+00  1.0000E+00  2.1343E+00  2.9122E+03
   1.5000E+01  1.3349E+00 -2.7670E+03  0.0000E+00  1.1937E+00  0.0000E+00  2.1612E+00  3.2048E+03
   8.4765E+00  8.2799E-01 -3.3795E+03  1.0883E+03  1.1965E+00  1.0000E+00  2.1352E+00  2.9198E+03
   1.0000E+00  9.6105E-02 -2.7233E+03  0.0000E+00  1.2037E+00  0.0000E+00  2.1162E+00  2.9056E+03
   5.6301E-01  5.9672E-02 -3.2928E+03  1.0447E+03  1.2072E+00  1.0000E+00  2.0867E+00  2.6347E+03
   2.0000E+00  1.8875E-01 -2.7233E+03  0.0000E+00  1.2011E+00  0.0000E+00  2.1238E+00  2.9803E+03
   1.1271E+00  1.1717E-01 -3.3026E+03  1.0548E+03  1.2044E+00  1.0000E+00  2.0952E+00  2.7058E+03
   3.0000E+00  2.8018E-01 -2.7233E+03  0.0000E+00  1.1995E+00  0.0000E+00  2.1282E+00  3.0248E+03
   1.6916E+00  1.7389E-01 -3.3083E+03  1.0607E+03  1.2027E+00  1.0000E+00  2.1002E+00  2.7482E+03
   4.0000E+00  3.7082E-01 -2.7233E+03  0.0000E+00  1.1984E+00  0.0000E+00  2.1313E+00  3.0568E+03
   2.2564E+00  2.3012E-01 -3.3124E+03  1.0649E+03  1.2015E+00  1.0000E+00  2.1038E+00  2.7786E+03
   5.0000E+00  4.6090E-01 -2.7233E+03  0.0000E+00  1.1976E+00  0.0000E+00  2.1337E+00  3.0817E+03
   2.8214E+00  2.8600E-01 -3.3155E+03  1.0681E+03  1.2006E+00  1.0000E+00  2.1065E+00  2.8024E+03
   6.0000E+00  5.5053E-01 -2.7233E+03  0.0000E+00  1.1969E+00  0.0000E+00  2.1357E+00  3.1022E+03
   3.3866E+00  3.4159E-01 -3.3181E+03  1.0708E+03  1.1999E+00  1.0000E+00  2.1087E+00  2.8220E+03
   7.0000E+00  6.3979E-01 -2.7233E+03  0.0000E+00  1.1963E+00  0.0000E+00  2.1374E+00  3.1196E+03
   3.9518E+00  3.9695E-01 -3.3203E+03  1.0730E+03  1.1993E+00  1.0000E+00  2.1106E+00  2.8386E+03
   8.0000E+00  7.2874E-01 -2.7233E+03  0.0000E+00  1.1958E+00  0.0000E+00  2.1388E+00  3.1347E+03
   4.5172E+00  4.5211E-01 -3.3221E+03  1.0749E+03  1.1988E+00  1.0000E+00  2.1122E+00  2.8530E+03
   9.0000E+00  8.1742E-01 -2.7233E+03  0.0000E+00  1.1953E+00  0.0000E+00  2.1401E+00  3.1481E+03
   5.0827E+00  5.0711E-01 -3.3238E+03  1.0766E+03  1.1983E+00  1.0000E+00  2.1137E+00  2.8658E+03
   1.0000E+01  9.0587E-01 -2.7233E+03  0.0000E+00  1.1949E+00  0.0000E+00  2.1413E+00  3.1601E+03
   5.6483E+00  5.6195E-01 -3.3253E+03  1.0781E+03  1.1979E+00  1.0000E+00  2.1149E+00  2.8773E+03
   1.1000E+01  9.9410E-01 -2.7233E+03  0.0000E+00  1.1946E+00  0.0000E+00  2.1423E+00  3.1710E+03
   6.2139E+00  6.1667E-01 -3.3266E+03  1.0795E+03  1.1975E+00  1.0000E+00  2.1161E+00  2.8877E+03
   1.2000E+01  1.0821E+00 -2.7233E+03  0.0000E+00  1.1943E+00  0.0000E+00  2.1432E+00  3.1809E+03
   6.7797E+00  6.7126E-01 -3.3278E+03  1.0808E+03  1.1971E+00  1.0000E+00  2.1172E+00  2.8972E+03
   1.3000E+01  1.1700E+00 -2.7233E+03  0.0000E+00  1.1940E+00  0.0000E+00  2.1441E+00  3.1901E+03
   7.3455E+00  7.2574E-01 -3.3290E+03  1.0819E+03  1.1968E+00  1.0000E+00  2.1181E+00  2.9059E+03
   1.4000E+01  1.2577E+00 -2.7233E+03  0.0000E+00  1.1937E+00  0.0000E+00  2.1449E+00  3.1986E+03
   7.9113E+00  7.8012E-01 -3.3300E+03  1.0830E+03  1.1965E+00  1.0000E+00  2.1190E+00  2.9141E+03
   1.5000E+01  1.3453E+00 -2.7233E+03  0.0000E+00  1.1934E+00  0.0000E+00  2.1456E+00  3.2065E+03
   8.4772E+00  8.3441E-01 -3.3310E+03  1.0839E+03  1.1962E+00  1.0000E+00  2.1199E+00  2.9216E+03
   1.0000E+00  9.6866E-02 -2.6812E+03  0.0000E+00  1.2035E+00  0.0000E+00  2.1011E+00  2.9054E+03
   5.6304E-01  6.0144E-02 -3.2461E+03  1.0405E+03  1.2070E+00  1.0000E+00  2.0719E+00  2.6347E+03
   2.0000E+00  1.9025E-01 -2.6812E+03  0.0000E+00  1.2009E+00  0.0000E+00  2.1086E+00  2.9802E+03
   1.1272E+00  1.1809E-01 -3.2558E+03  1.0506E+03  1.2042E+00  1.0000E+00  2.0804E+00  2.7059E+03
   3.0000E+00  2.8239E-01 -2.6812E+03  0.0000E+00  1.1994E+00  0.0000E+00  2.1130E+00  3.0247E+03
   1.6917E+00  1.7526E-01 -3.2615E+03  1.0565E+03  1.2025E+00  1.0000E+00  2.0853E+00  2.7483E+03
   4.0000E+00  3.7375E-01 -2.6812E+03  0.0000E+00  1.1983E+00  0.0000E+00  2.1162E+00  3.0567E+03
   2.2566E+00  2.3194E-01 -3.2656E+03  1.0607E+03  1.2014E+00  1.0000E+00  2.0889E+00  2.7788E+03
   5.0000E+00  4.6454E-01 -2.6812E+03  0.0000E+00  1.1974E+00  0.0000E+00  2.1186E+00  3.0816E+03
   2.8216E+00  2.8825E-01 -3.2687E+03  1.0639E+03  1.2005E+00  1.0000E+00  2.0916E+00  2.8026E+03
   6.0000E+00  5.5488E-01 -2.6812E+03  0.0000E+00  1.1967E+00  0.0000E+00  2.1206E+00  3.1021E+03
   3.3868E+00  3.4428E-01 -3.2713E+03  1.0665E+03  1.1997E+00  1.0000E+00  2.0938E+00  2.8221E+03
   7.0000E+00  6.4484E-01 -2.6812E+03  0.0000E+00  1.1961E+00  0.0000E+00  2.1222E+00  3.1196E+03
   3.9521E+00  4.0007E-01 -3.2734E+03  1.0687E+03  1.1991E+00  1.0000E+00  2.0957E+00  2.8388E+03
   8.0000E+00  7.3449E-01 -2.6812E+03  0.0000E+00  1.1956E+00  0.0000E+00  2.1237E+00  3.1347E+03
   4.5175E+00  4.5567E-01 -3.2753E+03  1.0707E+03  1.1986E+00  1.0000E+00  2.0973E+00  2.8532E+03
   9.0000E+00  8.2387E-01 -2.6812E+03  0.0000E+00  1.1952E+00  0.0000E+00  2.1250E+00  3.1481E+03
   5.0830E+00  5.1110E-01 -3.2769E+03  1.0723E+03  1.1981E+00  1.0000E+00  2.0987E+00  2.8660E+03
   1.0000E+01  9.1301E-01 -2.6812E+03  0.0000E+00  1.1948E+00  0.0000E+00  2.1261E+00  3.1601E+03
   5.6486E+00  5.6637E-01 -3.2784E+03  1.0739E+03  1.1977E+00  1.0000E+00  2.1000E+00  2.8775E+03
   1.1000E+01  1.0019E+00 -2.6812E+03  0.0000E+00  1.1944E+00  0.0000E+00  2.1271E+00  3.1710E+03
   6.2143E+00  6.2151E-01 -3.2797E+03  1.0752E+03  1.1973E+00  1.0000E+00  2.1012E+00  2.8879E+03
   1.2000E+01  1.0907E+00 -2.6812E+03  0.0000E+00  1.1941E+00  0.0000E+00  2.1281E+00  3.1810E+03
   6.7801E+00  6.7653E-01 -3.2809E+03  1.0765E+03  1.1969E+00  1.0000E+00  2.1022E+00  2.8974E+03
   1.3000E+01  1.1792E+00 -2.6812E+03  0.0000E+00  1.1938E+00  0.0000E+00  2.1289E+00  3.1901E+03
   7.3459E+00  7.3144E-01 -3.2820E+03  1.0776E+03  1.1966E+00  1.0000E+00  2.1032E+00  2.9062E+03
   1.4000E+01  1.2676E+00 -2.6812E+03  0.0000E+00  1.1935E+00  0.0000E+00  2.1297E+00  3.1986E+03
   7.9118E+00  7.8624E-01 -3.2831E+03  1.0787E+03  1.1963E+00  1.0000E+00  2.1041E+00  2.9144E+03
   1.5000E+01  1.3559E+00 -2.6812E+03  0.0000E+00  1.1932E+00  0.0000E+00  2.1305E+00  3.2066E+03
   8.4778E+00  8.4095E-01 -3.2840E+03  1.0796E+03  1.1960E+00  1.0000E+00  2.1049E+00  2.9219E+03
   1.0000E+00  9.7630E-02 -2.6405E+03  0.0000E+00  1.2034E+00  0.0000E+00  2.0865E+00  2.9045E+03
   5.6307E-01  6.0617E-02 -3.2010E+03  1.0364E+03  1.2069E+00  1.0000E+00  2.0575E+00  2.6340E+03
   2.0000E+00  1.9175E-01 -2.6405E+03  0.0000E+00  1.2008E+00  0.0000E+00  2.0940E+00  2.9792E+03
   1.1272E+00  1.1902E-01 -3.2107E+03  1.0465E+03  1.2040E+00  1.0000E+00  2.0659E+00  2.7051E+03
   3.0000E+00  2.8462E-01 -2.6405E+03  0.0000E+00  1.1992E+00  0.0000E+00  2.0983E+00  3.0237E+03
   1.6918E+00  1.7664E-01 -3.2163E+03  1.0523E+03  1.2024E+00  1.0000E+00  2.0709E+00  2.7475E+03
   4.0000E+00  3.7671E-01 -2.6405E+03  0.0000E+00  1.1981E+00  0.0000E+00  2.1015E+00  3.0556E+03
   2.2567E+00  2.3377E-01 -3.2203E+03  1.0565E+03  1.2012E+00  1.0000E+00  2.0744E+00  2.7779E+03
   5.0000E+00  4.6821E-01 -2.6405E+03  0.0000E+00  1.1973E+00  0.0000E+00  2.1039E+00  3.0805E+03
   2.8217E+00  2.9052E-01 -3.2234E+03  1.0597E+03  1.2003E+00  1.0000E+00  2.0771E+00  2.8017E+03
   6.0000E+00  5.5926E-01 -2.6405E+03  0.0000E+00  1.1966E+00  0.0000E+00  2.1058E+00  3.1010E+03
   3.3869E+00  3.4700E-01 -3.2260E+03  1.0623E+03  1.1996E+00  1.0000E+00  2.0793E+00  2.8213E+03
   7.0000E+00  6.4994E-01 -2.6405E+03  0.0000E+00  1.1960E+00  0.0000E+00  2.1075E+00  3.1184E+03
   3.9523E+00  4.0323E-01 -3.2281E+03  1.0645E+03  1.1990E+00  1.0000E+00  2.0811E+00  2.8379E+03
   8.0000E+00  7.4030E-01 -2.6405E+03  0.0000E+00  1.1955E+00  0.0000E+00  2.1089E+00  3.1335E+03
   4.5177E+00  4.5927E-01 -3.2300E+03  1.0664E+03  1.1984E+00  1.0000E+00  2.0828E+00  2.8523E+03
   9.0000E+00  8.3039E-01 -2.6405E+03  0.0000E+00  1.1950E+00  0.0000E+00  2.1102E+00  3.1469E+03
   5.0833E+00  5.1513E-01 -3.2316E+03  1.0681E+03  1.1980E+00  1.0000E+00  2.0842E+00  2.8651E+03
   1.0000E+01  9.2023E-01 -2.6405E+03  0.0000E+00  1.1946E+00  0.0000E+00  2.1114E+00  3.1589E+03
   5.6489E+00  5.7085E-01 -3.2330E+03  1.0696E+03  1.1975E+00  1.0000E+00  2.0855E+00  2.8766E+03
   1.1000E+01  1.0099E+00 -2.6405E+03  0.0000E+00  1.1943E+00  0.0000E+00  2.1124E+00  3.1698E+03
   6.2146E+00  6.2642E-01 -3.2344E+03  1.0710E+03  1.1972E+00  1.0000E+00  2.0866E+00  2.8870E+03
   1.2000E+01  1.0993E+00 -2.6405E+03  0.0000E+00  1.1940E+00  0.0000E+00  2.1133E+00  3.1797E+03
   6.7804E+00  6.8188E-01 -3.2356E+03  1.0722E+03  1.1968E+00  1.0000E+00  2.0877E+00  2.8965E+03
   1.3000E+01  1.1885E+00 -2.6405E+03  0.0000E+00  1.1937E+00  0.0000E+00  2.1142E+00  3.1889E+03
   7.3463E+00  7.3722E-01 -3.2367E+03  1.0733E+03  1.1965E+00  1.0000E+00  2.0886E+00  2.9053E+03
   1.4000E+01  1.2776E+00 -2.6405E+03  0.0000E+00  1.1934E+00  0.0000E+00  2.1150E+00  3.1974E+03
   7.9122E+00  7.9245E-01 -3.2377E+03  1.0744E+03  1.1962E+00  1.0000E+00  2.0895E+00  2.9134E+03
   1.5000E+01  1.3666E+00 -2.6405E+03  0.0000E+00  1.1931E+00  0.0000E+00  2.1157E+00  3.2053E+03
   8.4781E+00  8.4760E-01 -3.2386E+03  1.0753E+03  1.1959E+00  1.0000E+00  2.0903E+00  2.9210E+03
   1.0000E+00  9.8393E-02 -2.6013E+03  0.0000E+00  1.2033E+00  0.0000E+00  2.0722E+00  2.9029E+03
   5.6309E-01  6.1091E-02 -3.1575E+03  1.0324E+03  1.2068E+00  1.0000E+00  2.0435E+00  2.6327E+03
   2.0000E+00  1.9326E-01 -2.6013E+03  0.0000E+00  1.2007E+00  0.0000E+00  2.0797E+00  2.9774E+03
   1.1273E+00  1.1996E-01 -3.1670E+03  1.0424E+03  1.2039E+00  1.0000E+00  2.0519E+00  2.7036E+03
   3.0000E+00  2.8686E-01 -2.6013E+03  0.0000E+00  1.1991E+00  0.0000E+00  2.0841E+00  3.0218E+03
   1.6919E+00  1.7803E-01 -3.1726E+03  1.0482E+03  1.2023E+00  1.0000E+00  2.0568E+00  2.7459E+03
   4.0000E+00  3.7967E-01 -2.6013E+03  0.0000E+00  1.1980E+00  0.0000E+00  2.0872E+00  3.0536E+03
   2.2567E+00  2.3560E-01 -3.1766E+03  1.0523E+03  1.2011E+00  1.0000E+00  2.0602E+00  2.7763E+03
   5.0000E+00  4.7190E-01 -2.6013E+03  0.0000E+00  1.1972E+00  0.0000E+00  2.0896E+00  3.0785E+03
   2.8218E+00  2.9281E-01 -3.1796E+03  1.0555E+03  1.2002E+00  1.0000E+00  2.0629E+00  2.8000E+03
   6.0000E+00  5.6367E-01 -2.6013E+03  0.0000E+00  1.1965E+00  0.0000E+00  2.0915E+00  3.0989E+03
   3.3870E+00  3.4973E-01 -3.1822E+03  1.0581E+03  1.1995E+00  1.0000E+00  2.0651E+00  2.8195E+03
   7.0000E+00  6.5507E-01 -2.6013E+03  0.0000E+00  1.1959E+00  0.0000E+00  2.0932E+00  3.1163E+03
   3.9524E+00  4.0641E-01 -3.1843E+03  1.0603E+03  1.1989E+00  1.0000E+00  2.0670E+00  2.8361E+03
   8.0000E+00  7.4615E-01 -2.6013E+03  0.0000E+00  1.1954E+00  0.0000E+00  2.0946E+00  3.1314E+03
   4.5178E+00  4.6289E-01 -3.1861E+03  1.0622E+03  1.1984E+00  1.0000E+00  2.0686E+00  2.8505E+03
   9.0000E+00  8.3695E-01 -2.6013E+03  0.0000E+00  1.1950E+00  0.0000E+00  2.0959E+00  3.1447E+03
   5.0834E+00  5.1920E-01 -3.1877E+03  1.0639E+03  1.1979E+00  1.0000E+00  2.0700E+00  2.8632E+03
   1.0000E+01  9.2751E-01 -2.6013E+03  0.0000E+00  1.1946E+00  0.0000E+00  2.0970E+00  3.1567E+03
   5.6491E+00  5.7536E-01 -3.1892E+03  1.0654E+03  1.1975E+00  1.0000E+00  2.0713E+00  2.8747E+03
   1.1000E+01  1.0178E+00 -2.6013E+03  0.0000E+00  1.1942E+00  0.0000E+00  2.0980E+00  3.1675E+03
   6.2148E+00  6.3137E-01 -3.1905E+03  1.0667E+03  1.1971E+00  1.0000E+00  2.0724E+00  2.8851E+03
   1.2000E+01  1.1080E+00 -2.6013E+03  0.0000E+00  1.1939E+00  0.0000E+00  2.0990E+00  3.1775E+03
   6.7806E+00  6.8727E-01 -3.1917E+03  1.0680E+03  1.1967E+00  1.0000E+00  2.0735E+00  2.8945E+03
   1.3000E+01  1.1980E+00 -2.6013E+03  0.0000E+00  1.1936E+00  0.0000E+00  2.0998E+00  3.1866E+03
   7.3465E+00  7.4305E-01 -3.1927E+03  1.0691E+03  1.1964E+00  1.0000E+00  2.0744E+00  2.9033E+03
   1.4000E+01  1.2878E+00 -2.6013E+03  0.0000E+00  1.1933E+00  0.0000E+00  2.1006E+00  3.1951E+03
   7.9124E+00  7.9872E-01 -3.1938E+03  1.0701E+03  1.1961E+00  1.0000E+00  2.0753E+00  2.9114E+03
   1.5000E+01  1.3774E+00 -2.6013E+03  0.0000E+00  1.1930E+00  0.0000E+00  2.1014E+00  3.2030E+03
   8.4784E+00  8.5431E-01 -3.1947E+03  1.0711E+03  1.1958E+00  1.0000E+00  2.0762E+00  2.9190E+03
   1.0000E+00  9.9156E-02 -2.5635E+03  0.0000E+00  1.2032E+00  0.0000E+00  2.0584E+00  2.9008E+03
   5.6310E-01  6.1563E-02 -3.1153E+03  1.0284E+03  1.2067E+00  1.0000E+00  2.0299E+00  2.6309E+03
   2.0000E+00  1.9476E-01 -2.5635E+03  0.0000E+00  1.2006E+00  0.0000E+00  2.0658E+00  2.9750E+03
   1.1273E+00  1.2089E-01 -3.1248E+03  1.0383E+03  1.2039E+00  1.0000E+00  2.0382E+00  2.7015E+03
   3.0000E+00  2.8910E-01 -2.5635E+03  0.0000E+00  1.1991E+00  0.0000E+00  2.0702E+00  3.0193E+03
   1.6919E+00  1.7942E-01 -3.1303E+03  1.0441E+03  1.2022E+00  1.0000E+00  2.0431E+00  2.7437E+03
   4.0000E+00  3.8264E-01 -2.5635E+03  0.0000E+00  1.1980E+00  0.0000E+00  2.0733E+00  3.0510E+03
   2.2568E+00  2.3745E-01 -3.1342E+03  1.0482E+03  1.2011E+00  1.0000E+00  2.0465E+00  2.7739E+03
   5.0000E+00  4.7560E-01 -2.5635E+03  0.0000E+00  1.1971E+00  0.0000E+00  2.0756E+00  3.0758E+03
   2.8219E+00  2.9510E-01 -3.1373E+03  1.0514E+03  1.2002E+00  1.0000E+00  2.0492E+00  2.7976E+03
   6.0000E+00  5.6810E-01 -2.5635E+03  0.0000E+00  1.1964E+00  0.0000E+00  2.0776E+00  3.0961E+03
   3.3871E+00  3.5247E-01 -3.1398E+03  1.0540E+03  1.1995E+00  1.0000E+00  2.0514E+00  2.8170E+03
   7.0000E+00  6.6022E-01 -2.5635E+03  0.0000E+00  1.1959E+00  0.0000E+00  2.0792E+00  3.1134E+03
   3.9524E+00  4.0960E-01 -3.1419E+03  1.0562E+03  1.1988E+00  1.0000E+00  2.0532E+00  2.8335E+03
   8.0000E+00  7.5202E-01 -2.5635E+03  0.0000E+00  1.1954E+00  0.0000E+00  2.0807E+00  3.1284E+03
   4.5179E+00  4.6653E-01 -3.1437E+03  1.0581E+03  1.1983E+00  1.0000E+00  2.0548E+00  2.8479E+03
   9.0000E+00  8.4354E-01 -2.5635E+03  0.0000E+00  1.1949E+00  0.0000E+00  2.0819E+00  3.1417E+03
   5.0835E+00  5.2329E-01 -3.1453E+03  1.0597E+03  1.1978E+00  1.0000E+00  2.0562E+00  2.8606E+03
   1.0000E+01  9.3482E-01 -2.5635E+03  0.0000E+00  1.1945E+00  0.0000E+00  2.0831E+00  3.1536E+03
   5.6492E+00  5.7989E-01 -3.1467E+03  1.0612E+03  1.1974E+00  1.0000E+00  2.0575E+00  2.8720E+03
   1.1000E+01  1.0259E+00 -2.5635E+03  0.0000E+00  1.1942E+00  0.0000E+00  2.0841E+00  3.1644E+03
   6.2149E+00  6.3635E-01 -3.1480E+03  1.0626E+03  1.1970E+00  1.0000E+00  2.0586E+00  2.8823E+03
   1.2000E+01  1.1167E+00 -2.5635E+03  0.0000E+00  1.1938E+00  0.0000E+00  2.0850E+00  3.1743E+03
   6.7807E+00  6.9269E-01 -3.1492E+03  1.0638E+03  1.1967E+00  1.0000E+00  2.0597E+00  2.8917E+03
   1.3000E+01  1.2074E+00 -2.5635E+03  0.0000E+00  1.1935E+00  0.0000E+00  2.0859E+00  3.1834E+03
   7.3466E+00  7.4891E-01 -3.1502E+03  1.0649E+03  1.1964E+00  1.0000E+00  2.0606E+00  2.9004E+03
   1.4000E+01  1.2979E+00 -2.5635E+03  0.0000E+00  1.1932E+00  0.0000E+00  2.0866E+00  3.1919E+03
   7.9125E+00  8.0503E-01 -3.1512E+03  1.0659E+03  1.1961E+00  1.0000E+00  2.0615E+00  2.9085E+03
   1.5000E+01  1.3883E+00 -2.5635E+03  0.0000E+00  1.1930E+00  0.0000E+00  2.0874E+00  3.1997E+03
   8.4785E+00  8.6106E-01 -3.1522E+03  1.0669E+03  1.1958E+00  1.0000E+00  2.0623E+00  2.9161E+03
   1.0000E+00  9.9916E-02 -2.5269E+03  0.0000E+00  1.2032E+00  0.0000E+00  2.0450E+00  2.8982E+03
   5.6311E-01  6.2035E-02 -3.0745E+03  1.0245E+03  1.2066E+00  1.0000E+00  2.0166E+00  2.6286E+03
   2.0000E+00  1.9626E-01 -2.5269E+03  0.0000E+00  1.2006E+00  0.0000E+00  2.0524E+00  2.9721E+03
   1.1273E+00  1.2182E-01 -3.0839E+03  1.0344E+03  1.2038E+00  1.0000E+00  2.0249E+00  2.6989E+03
   3.0000E+00  2.9134E-01 -2.5269E+03  0.0000E+00  1.1990E+00  0.0000E+00  2.0567E+00  3.0161E+03
   1.6919E+00  1.8081E-01 -3.0894E+03  1.0401E+03  1.2022E+00  1.0000E+00  2.0297E+00  2.7409E+03
   4.0000E+00  3.8561E-01 -2.5269E+03  0.0000E+00  1.1980E+00  0.0000E+00  2.0597E+00  3.0477E+03
   2.2568E+00  2.3929E-01 -3.0933E+03  1.0442E+03  1.2011E+00  1.0000E+00  2.0332E+00  2.7710E+03
   5.0000E+00  4.7930E-01 -2.5269E+03  0.0000E+00  1.1971E+00  0.0000E+00  2.0621E+00  3.0724E+03
   2.8219E+00  2.9740E-01 -3.0963E+03  1.0474E+03  1.2002E+00  1.0000E+00  2.0358E+00  2.7945E+03
   6.0000E+00  5.7252E-01 -2.5269E+03  0.0000E+00  1.1964E+00  0.0000E+00  2.0641E+00  3.0926E+03
   3.3871E+00  3.5522E-01 -3.0987E+03  1.0499E+03  1.1994E+00  1.0000E+00  2.0380E+00  2.8139E+03
   7.0000E+00  6.6537E-01 -2.5269E+03  0.0000E+00  1.1958E+00  0.0000E+00  2.0657E+00  3.1098E+03
   3.9525E+00  4.1280E-01 -3.1008E+03  1.0521E+03  1.1988E+00  1.0000E+00  2.0398E+00  2.8303E+03
   8.0000E+00  7.5789E-01 -2.5269E+03  0.0000E+00  1.1953E+00  0.0000E+00  2.0671E+00  3.1248E+03
   4.5179E+00  4.7018E-01 -3.1026E+03  1.0540E+03  1.1983E+00  1.0000E+00  2.0414E+00  2.8446E+03
   9.0000E+00  8.5014E-01 -2.5269E+03  0.0000E+00  1.1949E+00  0.0000E+00  2.0684E+00  3.1380E+03
   5.0835E+00  5.2738E-01 -3.1042E+03  1.0556E+03  1.1978E+00  1.0000E+00  2.0428E+00  2.8572E+03
   1.0000E+01  9.4214E-01 -2.5269E+03  0.0000E+00  1.1945E+00  0.0000E+00  2.0695E+00  3.1498E+03
   5.6492E+00  5.8443E-01 -3.1056E+03  1.0571E+03  1.1974E+00  1.0000E+00  2.0441E+00  2.8685E+03
   1.1000E+01  1.0339E+00 -2.5269E+03  0.0000E+00  1.1941E+00  0.0000E+00  2.0705E+00  3.1606E+03
   6.2149E+00  6.4134E-01 -3.1069E+03  1.0584E+03  1.1970E+00  1.0000E+00  2.0452E+00  2.8788E+03
   1.2000E+01  1.1255E+00 -2.5269E+03  0.0000E+00  1.1938E+00  0.0000E+00  2.0714E+00  3.1704E+03
   6.7807E+00  6.9812E-01 -3.1080E+03  1.0596E+03  1.1967E+00  1.0000E+00  2.0462E+00  2.8882E+03
   1.3000E+01  1.2169E+00 -2.5269E+03  0.0000E+00  1.1935E+00  0.0000E+00  2.0723E+00  3.1795E+03
   7.3466E+00  7.5479E-01 -3.1091E+03  1.0608E+03  1.1964E+00  1.0000E+00  2.0472E+00  2.8969E+03
   1.4000E+01  1.3081E+00 -2.5269E+03  0.0000E+00  1.1932E+00  0.0000E+00  2.0730E+00  3.1879E+03
   7.9125E+00  8.1136E-01 -3.1101E+03  1.0618E+03  1.1961E+00  1.0000E+00  2.0480E+00  2.9049E+03
   1.5000E+01  1.3992E+00 -2.5269E+03  0.0000E+00  1.1930E+00  0.0000E+00  2.0738E+00  3.1957E+03
   8.4785E+00  8.6783E-01 -3.1110E+03  1.0627E+03  1.1958E+00  1.0000E+00  2.0489E+00  2.9124E+03
   1.0000E+00  1.0067E-01 -2.4915E+03  0.0000E+00  1.2032E+00  0.0000E+00  2.0319E+00  2.8952E+03
   5.6312E-01  6.2505E-02 -3.0351E+03  1.0206E+03  1.2066E+00  1.0000E+00  2.0038E+00  2.6259E+03
   2.0000E+00  1.9776E-01 -2.4915E+03  0.0000E+00  1.2006E+00  0.0000E+00  2.0393E+00  2.9687E+03
   1.1273E+00  1.2275E-01 -3.0443E+03  1.0305E+03  1.2038E+00  1.0000E+00  2.0120E+00  2.6959E+03
   3.0000E+00  2.9357E-01 -2.4915E+03  0.0000E+00  1.1990E+00  0.0000E+00  2.0436E+00  3.0125E+03
   1.6919E+00  1.8219E-01 -3.0497E+03  1.0362E+03  1.2022E+00  1.0000E+00  2.0168E+00  2.7376E+03
   4.0000E+00  3.8858E-01 -2.4915E+03  0.0000E+00  1.1979E+00  0.0000E+00  2.0466E+00  3.0439E+03
   2.2568E+00  2.4113E-01 -3.0536E+03  1.0402E+03  1.2011E+00  1.0000E+00  2.0202E+00  2.7676E+03
   5.0000E+00  4.8299E-01 -2.4915E+03  0.0000E+00  1.1971E+00  0.0000E+00  2.0490E+00  3.0684E+03
   2.8219E+00  2.9969E-01 -3.0566E+03  1.0434E+03  1.2002E+00  1.0000E+00  2.0228E+00  2.7910E+03
   6.0000E+00  5.7695E-01 -2.4915E+03  0.0000E+00  1.1964E+00  0.0000E+00  2.0509E+00  3.0886E+03
   3.3871E+00  3.5796E-01 -3.0590E+03  1.0459E+03  1.1994E+00  1.0000E+00  2.0250E+00  2.8102E+03
   7.0000E+00  6.7052E-01 -2.4915E+03  0.0000E+00  1.1958E+00  0.0000E+00  2.0525E+00  3.1057E+03
   3.9525E+00  4.1599E-01 -3.0610E+03  1.0481E+03  1.1988E+00  1.0000E+00  2.0268E+00  2.8265E+03
   8.0000E+00  7.6377E-01 -2.4915E+03  0.0000E+00  1.1953E+00  0.0000E+00  2.0539E+00  3.1205E+03
   4.5179E+00  4.7382E-01 -3.0628E+03  1.0499E+03  1.1983E+00  1.0000E+00  2.0284E+00  2.8407E+03
   9.0000E+00  8.5674E-01 -2.4915E+03  0.0000E+00  1.1949E+00  0.0000E+00  2.0552E+00  3.1337E+03
   5.0835E+00  5.3147E-01 -3.0644E+03  1.0516E+03  1.1978E+00  1.0000E+00  2.0298E+00  2.8532E+03
   1.0000E+01  9.4946E-01 -2.4915E+03  0.0000E+00  1.1945E+00  0.0000E+00  2.0563E+00  3.1455E+03
   5.6491E+00  5.8897E-01 -3.0658E+03  1.0531E+03  1.1974E+00  1.0000E+00  2.0310E+00  2.8645E+03
   1.1000E+01  1.0420E+00 -2.4915E+03  0.0000E+00  1.1942E+00  0.0000E+00  2.0573E+00  3.1561E+03
   6.2149E+00  6.4633E-01 -3.0670E+03  1.0544E+03  1.1970E+00  1.0000E+00  2.0321E+00  2.8747E+03
   1.2000E+01  1.1343E+00 -2.4915E+03  0.0000E+00  1.1938E+00  0.0000E+00  2.0582E+00  3.1659E+03
   6.7807E+00  7.0356E-01 -3.0682E+03  1.0556E+03  1.1967E+00  1.0000E+00  2.0331E+00  2.8840E+03
   1.3000E+01  1.2264E+00 -2.4915E+03  0.0000E+00  1.1935E+00  0.0000E+00  2.0590E+00  3.1749E+03
   7.3465E+00  7.6068E-01 -3.0692E+03  1.0567E+03  1.1964E+00  1.0000E+00  2.0341E+00  2.8927E+03
   1.4000E+01  1.3184E+00 -2.4915E+03  0.0000E+00  1.1933E+00  0.0000E+00  2.0598E+00  3.1832E+03
   7.9125E+00  8.1770E-01 -3.0702E+03  1.0577E+03  1.1961E+00  1.0000E+00  2.0349E+00  2.9006E+03
   1.5000E+01  1.4102E+00 -2.4915E+03  0.0000E+00  1.1930E+00  0.0000E+00  2.0605E+00  3.1910E+03
   8.4784E+00  8.7461E-01 -3.0711E+03  1.0587E+03  1.1958E+00  1.0000E+00  2.0357E+00  2.9081E+03