           p         rho           h         isp         gam        mach          cp           t
   2.0000E+00  1.8299E-01 -2.9087E+03  0.0000E+00  1.2023E+00  0.0000E+00  2.1886E+00  2.9680E+03
   1.1266E+00  1.1361E-01 -3.5065E+03  1.0719E+03  1.2057E+00  1.0000E+00  2.1588E+00  2.6930E+03
   3.0000E+00  2.7168E-01 -2.9087E+03  0.0000E+00  1.2008E+00  0.0000E+00  2.1930E+00  3.0113E+03
   1.6908E+00  1.6864E-01 -3.5123E+03  1.0779E+03  1.2041E+00  1.0000E+00  2.1637E+00  2.7342E+03
   4.0000E+00  3.5964E-01 -2.9087E+03  0.0000E+00  1.1997E+00  0.0000E+00  2.1961E+00  3.0422E+03
   2.2553E+00  2.2321E-01 -3.5164E+03  1.0821E+03  1.2029E+00  1.0000E+00  2.1672E+00  2.7637E+03
   5.0000E+00  4.4707E-01 -2.9087E+03  0.0000E+00  1.1989E+00  0.0000E+00  2.1985E+00  3.0663E+03
   2.8200E+00  2.7745E-01 -3.5196E+03  1.0853E+03  1.2020E+00  1.0000E+00  2.1699E+00  2.7867E+03
   6.0000E+00  5.3407E-01 -2.9087E+03  0.0000E+00  1.1982E+00  0.0000E+00  2.2004E+00  3.0861E+03
   3.3849E+00  3.3142E-01 -3.5222E+03  1.0880E+03  1.2013E+00  1.0000E+00  2.1721E+00  2.8055E+03
   7.0000E+00  6.2074E-01 -2.9087E+03  0.0000E+00  1.1977E+00  0.0000E+00  2.2021E+00  3.1028E+03
   3.9498E+00  3.8518E-01 -3.5244E+03  1.0902E+03  1.2007E+00  1.0000E+00  2.1740E+00  2.8215E+03
   8.0000E+00  7.0711E-01 -2.9087E+03  0.0000E+00  1.1972E+00  0.0000E+00  2.2035E+00  3.1173E+03
   4.5149E+00  4.3876E-01 -3.5262E+03  1.0921E+03  1.2002E+00  1.0000E+00  2.1756E+00  2.8354E+03
   9.0000E+00  7.9323E-01 -2.9087E+03  0.0000E+00  1.1968E+00  0.0000E+00  2.2047E+00  3.1302E+03
   5.0801E+00  4.9217E-01 -3.5279E+03  1.0938E+03  1.1998E+00  1.0000E+00  2.1770E+00  2.8476E+03
   1.0000E+01  8.7913E-01 -2.9087E+03  0.0000E+00  1.1964E+00  0.0000E+00  2.2059E+00  3.1417E+03
   5.6453E+00  5.4545E-01 -3.5294E+03  1.0953E+03  1.1994E+00  1.0000E+00  2.1782E+00  2.8586E+03
   1.1000E+01  9.6484E-01 -2.9087E+03  0.0000E+00  1.1960E+00  0.0000E+00  2.2069E+00  3.1521E+03
   6.2107E+00  5.9860E-01 -3.5307E+03  1.0967E+03  1.1990E+00  1.0000E+00  2.1794E+00  2.8685E+03
   1.2000E+01  1.0504E+00 -2.9087E+03  0.0000E+00  1.1957E+00  0.0000E+00  2.2078E+00  3.1616E+03
   6.7761E+00  6.5164E-01 -3.5319E+03  1.0979E+03  1.1987E+00  1.0000E+00  2.1804E+00  2.8776E+03
   1.3000E+01  1.1357E+00 -2.9087E+03  0.0000E+00  1.1954E+00  0.0000E+00  2.2086E+00  3.1703E+03
   7.3415E+00  7.0458E-01 -3.5330E+03  1.0991E+03  1.1983E+00  1.0000E+00  2.1814E+00  2.8859E+03
   1.4000E+01  1.2209E+00 -2.9087E+03  0.0000E+00  1.1952E+00  0.0000E+00  2.2094E+00  3.1784E+03
   7.9070E+00  7.5743E-01 -3.5341E+03  1.1001E+03  1.1981E+00  1.0000E+00  2.1822E+00  2.8937E+03
   1.5000E+01  1.3060E+00 -2.9087E+03  0.0000E+00  1.1949E+00  0.0000E+00  2.2101E+00  3.1859E+03
   8.4726E+00  8.1019E-01 -3.5350E+03  1.1011E+03  1.1978E+00  1.0000E+00  2.1830E+00  2.9009E+03
   1.6000E+01  1.3910E+00 -2.9087E+03  0.0000E+00  1.1947E+00  0.0000E+00  2.2108E+00  3.1930E+03
   9.0382E+00  8.6287E-01 -3.5359E+03  1.1020E+03  1.1976E+00  1.0000E+00  2.1838E+00  2.9076E+03
   1.7000E+01  1.4758E+00 -2.9087E+03  0.0000E+00  1.1945E+00  0.0000E+00  2.2114E+00  3.1996E+03
   9.6039E+00  9.1547E-01 -3.5367E+03  1.1029E+03  1.1973E+00  1.0000E+00  2.1845E+00  2.9139E+03
   1.8000E+01  1.5605E+00 -2.9087E+03  0.0000E+00  1.1942E+00  0.0000E+00  2.2120E+00  3.2059E+03
   1.0170E+01  9.6801E-01 -3.5375E+03  1.1037E+03  1.1971E+00  1.0000E+00  2.1852E+00  2.9199E+03
   1.9000E+01  1.6452E+00 -2.9087E+03  0.0000E+00  1.1941E+00  0.0000E+00  2.2126E+00  3.2118E+03
   1.0735E+01  1.0205E+00 -3.5383E+03  1.1045E+03  1.1969E+00  1.0000E+00  2.1858E+00  2.9256E+03
   2.0000E+01  1.7297E+00 -2.9087E+03  0.0000E+00  1.1939E+00  0.0000E+00  2.2131E+00  3.2174E+03
   1.1301E+01  1.0729E+00 -3.5390E+03  1.1052E+03  1.1967E+00  1.0000E+00  2.1864E+00  2.9309E+03